(0.0,)
(34.0,)
(0.0,)
(70.0,)
(4.0,)
(2.0,)
(10.0,)
(20.0,)
(30.0,)
(0.0,)
(2.0,)
(255.0,)
(0.16393442451953888,)
(0.2950819730758667,)
(0.4262295067310333,)
(0.5573770403862,)
(0.688524603843689,)
(0.8196721076965332,)
(0.9508196711540222,)
(1.0819672346115112,)
(1.2131147384643555,)
(1.3442622423171997,)
(1.4754098653793335,)
(1.6065573692321777,)
(1.737704873085022,)
(1.8688524961471558,)
(2.0,)
(2.131147623062134,)
(2.2622950077056885,)
(2.3934426307678223,)
(2.524590253829956,)
(2.6557376384735107,)
(2.7868852615356445,)
(2.9180328845977783,)
(3.049180269241333,)
(3.180327892303467,)
(3.3114755153656006,)
(3.4426229000091553,)
(3.573770523071289,)
(3.704918146133423,)
(3.8360655307769775,)
(3.9672131538391113,)
(4.098360538482666,)
(4.229508399963379,)
(4.360655784606934,)
(4.491803169250488,)
(4.622951030731201,)
(4.754098415374756,)
(4.8852458000183105,)
(5.016393661499023,)
(5.147541046142578,)
(5.278688430786133,)
(5.409836292266846,)
(5.5409836769104,)
(5.672131061553955,)
(5.803278923034668,)
(5.934426307678223,)
(6.065573692321777,)
(6.196721076965332,)
(6.327868938446045,)
(6.4590163230896,)
(6.590163707733154,)
(6.721311569213867,)
(6.852458953857422,)
(6.983606338500977,)
(7.1147541999816895,)
(7.245901584625244,)
(7.377048969268799,)
(7.508196830749512,)
(7.639344215393066,)
(7.770491600036621,)
(7.901639461517334,)
(8.032787322998047,)
(8.163934707641602,)
(8.295082092285156,)
(8.426229476928711,)
(8.557376861572266,)
(8.68852424621582,)
(8.819672584533691,)
(8.950819969177246,)
(9.0819673538208,)
(9.213114738464355,)
(9.34426212310791,)
(9.475409507751465,)
(9.606557846069336,)
(9.73770523071289,)
(9.868852615356445,)
(10.0,)
(10.129870414733887,)
(10.259739875793457,)
(10.389610290527344,)
(10.51948070526123,)
(10.649351119995117,)
(10.779220581054688,)
(10.909090995788574,)
(11.038961410522461,)
(11.168830871582031,)
(11.298701286315918,)
(11.428571701049805,)
(11.558441162109375,)
(11.688311576843262,)
(11.818181991577148,)
(11.948052406311035,)
(12.077921867370605,)
(12.207792282104492,)
(12.337662696838379,)
(12.46753215789795,)
(12.597402572631836,)
(12.727272987365723,)
(12.857142448425293,)
(12.98701286315918,)
(13.116883277893066,)
(13.246753692626953,)
(13.376623153686523,)
(13.50649356842041,)
(13.636363983154297,)
(13.766233444213867,)
(13.896103858947754,)
(14.02597427368164,)
(14.155843734741211,)
(14.285714149475098,)
(14.415584564208984,)
(14.545454978942871,)
(14.675324440002441,)
(14.805194854736328,)
(14.935065269470215,)
(15.064934730529785,)
(15.194805145263672,)
(15.324675559997559,)
(15.454545021057129,)
(15.584415435791016,)
(15.714285850524902,)
(15.844156265258789,)
(15.97402572631836,)
(16.10389518737793,)
(16.233766555786133,)
(16.363636016845703,)
(16.493507385253906,)
(16.623376846313477,)
(16.753246307373047,)
(16.88311767578125,)
(17.01298713684082,)
(17.14285659790039,)
(17.272727966308594,)
(17.402597427368164,)
(17.532466888427734,)
(17.662338256835938,)
(17.792207717895508,)
(17.922077178955078,)
(18.05194854736328,)
(18.18181800842285,)
(18.311687469482422,)
(18.441558837890625,)
(18.571428298950195,)
(18.701297760009766,)
(18.83116912841797,)
(18.96103858947754,)
(19.090909957885742,)
(19.220779418945312,)
(19.350648880004883,)
(19.480520248413086,)
(19.610389709472656,)
(19.740259170532227,)
(19.87013053894043,)
(20.0,)
(20.12986946105957,)
(20.259740829467773,)
(20.389610290527344,)
(20.519479751586914,)
(20.649351119995117,)
(20.779220581054688,)
(20.909090042114258,)
(21.03896141052246,)
(21.16883087158203,)
(21.298702239990234,)
(21.428571701049805,)
(21.558441162109375,)
(21.688312530517578,)
(21.81818199157715,)
(21.94805145263672,)
(22.077922821044922,)
(22.207792282104492,)
(22.337661743164062,)
(22.467533111572266,)
(22.597402572631836,)
(22.727272033691406,)
(22.85714340209961,)
(22.98701286315918,)
(23.11688232421875,)
(23.246753692626953,)
(23.376623153686523,)
(23.506492614746094,)
(23.636363983154297,)
(23.766233444213867,)
(23.89610481262207,)
(24.02597427368164,)
(24.15584373474121,)
(24.285715103149414,)
(24.415584564208984,)
(24.545454025268555,)
(24.675325393676758,)
(24.805194854736328,)
(24.9350643157959,)
(25.0649356842041,)
(25.194805145263672,)
(25.324674606323242,)
(25.454545974731445,)
(25.584415435791016,)
(25.714284896850586,)
(25.84415626525879,)
(25.97402572631836,)
(26.10389518737793,)
(26.233766555786133,)
(26.363636016845703,)
(26.493507385253906,)
(26.623376846313477,)
(26.753246307373047,)
(26.88311767578125,)
(27.01298713684082,)
(27.14285659790039,)
(27.272727966308594,)
(27.402597427368164,)
(27.532466888427734,)
(27.662338256835938,)
(27.792207717895508,)
(27.922077178955078,)
(28.05194854736328,)
(28.18181800842285,)
(28.311687469482422,)
(28.441558837890625,)
(28.571428298950195,)
(28.701297760009766,)
(28.83116912841797,)
(28.96103858947754,)
(29.090909957885742,)
(29.220779418945312,)
(29.350648880004883,)
(29.480520248413086,)
(29.610389709472656,)
(29.740259170532227,)
(29.87013053894043,)
(30.0,)
(30.12986946105957,)
(30.259740829467773,)
(30.389610290527344,)
(30.519479751586914,)
(30.649351119995117,)
(30.779220581054688,)
(30.909090042114258,)
(31.03896141052246,)
(31.16883087158203,)
(31.298702239990234,)
(31.428571701049805,)
(31.558441162109375,)
(31.688312530517578,)
(31.81818199157715,)
(31.94805145263672,)
(32.07792282104492,)
(32.20779037475586,)
(32.33766174316406,)
(32.467533111572266,)
(32.59740447998047,)
(32.727272033691406,)
(32.85714340209961,)
(32.98701477050781,)
(33.11688232421875,)
(33.24675369262695,)
(0.0,)
(0.0,)
(0.0,)
(0.0,)
(0.0,)
(0.0,)
(0.0,)
(0.0,)
(0.0,)
(0.0,)
(0.0,)
(0.0,)
(0.0,)
(0.0,)
(0.0,)
(0.0,)
(0.0,)
(0.0,)
(1.0,)
(1.0,)
(1.0,)
(1.0,)
(1.0,)
(2.0,)
(2.0,)
(2.0,)
(3.0,)
(3.0,)
(4.0,)
(4.0,)
(5.0,)
(5.0,)
(6.0,)
(6.0,)
(7.0,)
(7.0,)
(8.0,)
(8.0,)
(9.0,)
(10.0,)
(10.0,)
(11.0,)
(11.0,)
(12.0,)
(12.0,)
(13.0,)
(13.0,)
(13.0,)
(14.0,)
(14.0,)
(14.0,)
(14.0,)
(15.0,)
(15.0,)
(15.0,)
(15.0,)
(15.0,)
(15.0,)
(16.0,)
(16.0,)
(16.0,)
(16.0,)
(16.0,)
(17.0,)
(17.0,)
(17.0,)
(17.0,)
(17.0,)
(17.0,)
(18.0,)
(18.0,)
(18.0,)
(18.0,)
(18.0,)
(18.0,)
(18.0,)
(18.0,)
(18.0,)
(18.0,)
(18.0,)
(18.0,)
(18.0,)
(18.0,)
(17.0,)
(17.0,)
(17.0,)
(17.0,)
(16.0,)
(16.0,)
(16.0,)
(16.0,)
(15.0,)
(15.0,)
(15.0,)
(14.0,)
(14.0,)
(14.0,)
(14.0,)
(14.0,)
(14.0,)
(14.0,)
(13.0,)
(13.0,)
(13.0,)
(13.0,)
(13.0,)
(13.0,)
(12.0,)
(12.0,)
(12.0,)
(12.0,)
(12.0,)
(12.0,)
(11.0,)
(11.0,)
(11.0,)
(11.0,)
(10.0,)
(10.0,)
(10.0,)
(10.0,)
(10.0,)
(10.0,)
(10.0,)
(10.0,)
(10.0,)
(9.0,)
(9.0,)
(9.0,)
(9.0,)
(9.0,)
(9.0,)
(9.0,)
(9.0,)
(9.0,)
(8.0,)
(8.0,)
(8.0,)
(8.0,)
(8.0,)
(7.0,)
(7.0,)
(7.0,)
(7.0,)
(6.0,)
(6.0,)
(6.0,)
(6.0,)
(6.0,)
(6.0,)
(5.0,)
(5.0,)
(5.0,)
(5.0,)
(5.0,)
(5.0,)
(5.0,)
(5.0,)
(5.0,)
(5.0,)
(5.0,)
(5.0,)
(5.0,)
(5.0,)
(5.0,)
(5.0,)
(5.0,)
(5.0,)
(5.0,)
(4.0,)
(4.0,)
(4.0,)
(4.0,)
(4.0,)
(4.0,)
(4.0,)
(4.0,)
(4.0,)
(4.0,)
(4.0,)
(4.0,)
(4.0,)
(4.0,)
(4.0,)
(4.0,)
(4.0,)
(3.0,)
(3.0,)
(3.0,)
(3.0,)
(3.0,)
(3.0,)
(3.0,)
(3.0,)
(3.0,)
(3.0,)
(3.0,)
(3.0,)
(3.0,)
(3.0,)
(3.0,)
(3.0,)
(3.0,)
(3.0,)
(3.0,)
(3.0,)
(3.0,)
(3.0,)
(3.0,)
(3.0,)
(3.0,)
(3.0,)
(3.0,)
(2.0,)
(2.0,)
(2.0,)
(2.0,)
(2.0,)
(2.0,)
(2.0,)
(2.0,)
(2.0,)
(2.0,)
(2.0,)
(2.0,)
(2.0,)
(2.0,)
(2.0,)
(2.0,)
(2.0,)
(2.0,)
(2.0,)
(2.0,)
(2.0,)
(2.0,)
(2.0,)
(2.0,)
(2.0,)
(2.0,)
(2.0,)
(2.0,)
(2.0,)
(2.0,)
(2.0,)
(2.0,)
(2.0,)
(2.0,)
(2.0,)
(2.0,)
(2.0,)
(2.0,)
(2.0,)
(2.0,)
(2.0,)
(2.0,)
