(0.0,)
(278.0,)
(0.0,)
(630.0,)
(3.0,)
(50.0,)
(100.0,)
(150.0,)
(0.0,)
(2.0,)
(254.0,)
(1.08695650100708,)
(2.17391300201416,)
(3.2608695030212402,)
(4.34782600402832,)
(5.4347825050354,)
(6.5217390060424805,)
(7.6086955070495605,)
(8.69565200805664,)
(9.782608985900879,)
(10.8695650100708,)
(11.956521987915039,)
(13.043478012084961,)
(14.1304349899292,)
(15.217391014099121,)
(16.30434799194336,)
(17.39130401611328,)
(18.478260040283203,)
(19.565217971801758,)
(20.65217399597168,)
(21.7391300201416,)
(22.826086044311523,)
(23.913043975830078,)
(25.0,)
(26.086956024169922,)
(27.173913955688477,)
(28.2608699798584,)
(29.34782600402832,)
(30.434782028198242,)
(31.521739959716797,)
(32.60869598388672,)
(33.69565200805664,)
(34.78260803222656,)
(35.869564056396484,)
(36.956520080566406,)
(38.043479919433594,)
(39.130435943603516,)
(40.21739196777344,)
(41.30434799194336,)
(42.39130401611328,)
(43.4782600402832,)
(44.565216064453125,)
(45.65217208862305,)
(46.739131927490234,)
(47.826087951660156,)
(48.91304397583008,)
(50.0,)
(51.08695602416992,)
(52.173912048339844,)
(53.260868072509766,)
(54.34782791137695,)
(55.434783935546875,)
(56.5217399597168,)
(57.60869598388672,)
(58.69565200805664,)
(59.78260803222656,)
(60.869564056396484,)
(61.956520080566406,)
(63.043479919433594,)
(64.13043212890625,)
(65.21739196777344,)
(66.3043441772461,)
(67.39130401611328,)
(68.47826385498047,)
(69.56521606445312,)
(70.65217590332031,)
(71.73912811279297,)
(72.82608795166016,)
(73.91304016113281,)
(75.0,)
(76.08695983886719,)
(77.17391204833984,)
(78.26087188720703,)
(79.34782409667969,)
(80.43478393554688,)
(81.52173614501953,)
(82.60869598388672,)
(83.6956558227539,)
(84.78260803222656,)
(85.86956787109375,)
(86.9565200805664,)
(88.0434799194336,)
(89.13043212890625,)
(90.21739196777344,)
(91.3043441772461,)
(92.39130401611328,)
(93.47826385498047,)
(94.56521606445312,)
(95.65217590332031,)
(96.73912811279297,)
(97.82608795166016,)
(98.91304016113281,)
(100.0,)
(101.08695983886719,)
(102.17391204833984,)
(103.26087188720703,)
(104.34782409667969,)
(105.43478393554688,)
(106.52173614501953,)
(107.60869598388672,)
(108.6956558227539,)
(109.78260803222656,)
(110.86956787109375,)
(111.9565200805664,)
(113.0434799194336,)
(114.13043212890625,)
(115.21739196777344,)
(116.3043441772461,)
(117.39130401611328,)
(118.47826385498047,)
(119.56521606445312,)
(120.65217590332031,)
(121.73912811279297,)
(122.82608795166016,)
(123.91304016113281,)
(125.0,)
(126.08695983886719,)
(127.17391204833984,)
(128.2608642578125,)
(129.3478240966797,)
(130.43478393554688,)
(131.52174377441406,)
(132.6086883544922,)
(133.69564819335938,)
(134.78260803222656,)
(135.86956787109375,)
(136.95652770996094,)
(138.04347229003906,)
(139.13043212890625,)
(140.21739196777344,)
(141.30435180664062,)
(142.3913116455078,)
(143.47825622558594,)
(144.56521606445312,)
(145.6521759033203,)
(146.7391357421875,)
(147.82608032226562,)
(148.9130401611328,)
(150.0,)
(151.0869598388672,)
(152.17391967773438,)
(153.2608642578125,)
(154.3478240966797,)
(155.43478393554688,)
(156.52174377441406,)
(157.6086883544922,)
(158.69564819335938,)
(159.78260803222656,)
(160.86956787109375,)
(161.95652770996094,)
(163.04347229003906,)
(164.13043212890625,)
(165.21739196777344,)
(166.30435180664062,)
(167.3913116455078,)
(168.47825622558594,)
(169.56521606445312,)
(170.6521759033203,)
(171.7391357421875,)
(172.82608032226562,)
(173.9130401611328,)
(175.0,)
(176.0869598388672,)
(177.17391967773438,)
(178.2608642578125,)
(179.3478240966797,)
(180.43478393554688,)
(181.52174377441406,)
(182.6086883544922,)
(183.69564819335938,)
(184.78260803222656,)
(185.86956787109375,)
(186.95652770996094,)
(188.04347229003906,)
(189.13043212890625,)
(190.21739196777344,)
(191.30435180664062,)
(192.3913116455078,)
(193.47825622558594,)
(194.56521606445312,)
(195.6521759033203,)
(196.7391357421875,)
(197.82608032226562,)
(198.9130401611328,)
(200.0,)
(201.0869598388672,)
(202.17391967773438,)
(203.2608642578125,)
(204.3478240966797,)
(205.43478393554688,)
(206.52174377441406,)
(207.6086883544922,)
(208.69564819335938,)
(209.78260803222656,)
(210.86956787109375,)
(211.95652770996094,)
(213.04347229003906,)
(214.13043212890625,)
(215.21739196777344,)
(216.30435180664062,)
(217.3913116455078,)
(218.47825622558594,)
(219.56521606445312,)
(220.6521759033203,)
(221.7391357421875,)
(222.82608032226562,)
(223.9130401611328,)
(225.0,)
(226.0869598388672,)
(227.17391967773438,)
(228.2608642578125,)
(229.3478240966797,)
(230.43478393554688,)
(231.52174377441406,)
(232.6086883544922,)
(233.69564819335938,)
(234.78260803222656,)
(235.86956787109375,)
(236.95652770996094,)
(238.04347229003906,)
(239.13043212890625,)
(240.21739196777344,)
(241.30435180664062,)
(242.3913116455078,)
(243.47825622558594,)
(244.56521606445312,)
(245.6521759033203,)
(246.7391357421875,)
(247.82608032226562,)
(248.9130401611328,)
(250.0,)
(251.0869598388672,)
(252.17391967773438,)
(253.2608642578125,)
(254.3478240966797,)
(255.43478393554688,)
(256.521728515625,)
(257.60870361328125,)
(258.6956481933594,)
(259.7826232910156,)
(260.86956787109375,)
(261.9565124511719,)
(263.0434875488281,)
(264.13043212890625,)
(265.2173767089844,)
(266.3043518066406,)
(267.39129638671875,)
(268.478271484375,)
(269.5652160644531,)
(270.65216064453125,)
(271.7391357421875,)
(272.8260803222656,)
(273.9130554199219,)
(275.0,)
(276.0869445800781,)
(0.0,)
(0.0,)
(0.0,)
(0.0,)
(0.0,)
(0.0,)
(0.0,)
(0.0,)
(0.0,)
(0.0,)
(0.0,)
(0.0,)
(0.0,)
(0.0,)
(0.0,)
(0.0,)
(0.0,)
(1.0,)
(3.0,)
(4.0,)
(5.0,)
(5.0,)
(7.0,)
(7.0,)
(8.0,)
(9.0,)
(9.0,)
(10.0,)
(10.0,)
(10.0,)
(10.0,)
(9.0,)
(9.0,)
(8.0,)
(9.0,)
(9.0,)
(10.0,)
(11.0,)
(13.0,)
(15.0,)
(17.0,)
(21.0,)
(27.0,)
(33.0,)
(38.0,)
(47.0,)
(56.0,)
(70.0,)
(84.0,)
(101.0,)
(122.0,)
(147.0,)
(176.0,)
(204.0,)
(234.0,)
(268.0,)
(310.0,)
(348.0,)
(384.0,)
(418.0,)
(455.0,)
(488.0,)
(517.0,)
(548.0,)
(572.0,)
(594.0,)
(609.0,)
(622.0,)
(630.0,)
(627.0,)
(624.0,)
(618.0,)
(615.0,)
(599.0,)
(579.0,)
(559.0,)
(533.0,)
(504.0,)
(475.0,)
(449.0,)
(421.0,)
(392.0,)
(362.0,)
(336.0,)
(309.0,)
(280.0,)
(256.0,)
(236.0,)
(218.0,)
(200.0,)
(185.0,)
(168.0,)
(154.0,)
(142.0,)
(130.0,)
(121.0,)
(110.0,)
(104.0,)
(96.0,)
(90.0,)
(84.0,)
(80.0,)
(75.0,)
(72.0,)
(70.0,)
(67.0,)
(64.0,)
(60.0,)
(58.0,)
(56.0,)
(53.0,)
(50.0,)
(49.0,)
(48.0,)
(45.0,)
(43.0,)
(40.0,)
(37.0,)
(34.0,)
(32.0,)
(30.0,)
(28.0,)
(27.0,)
(26.0,)
(24.0,)
(22.0,)
(21.0,)
(20.0,)
(19.0,)
(18.0,)
(18.0,)
(17.0,)
(16.0,)
(15.0,)
(15.0,)
(13.0,)
(13.0,)
(12.0,)
(12.0,)
(11.0,)
(10.0,)
(9.0,)
(9.0,)
(8.0,)
(8.0,)
(8.0,)
(8.0,)
(8.0,)
(8.0,)
(7.0,)
(7.0,)
(7.0,)
(6.0,)
(6.0,)
(6.0,)
(5.0,)
(5.0,)
(5.0,)
(5.0,)
(4.0,)
(3.0,)
(3.0,)
(3.0,)
(3.0,)
(3.0,)
(3.0,)
(3.0,)
(3.0,)
(2.0,)
(3.0,)
(2.0,)
(2.0,)
(2.0,)
(2.0,)
(2.0,)
(2.0,)
(2.0,)
(2.0,)
(2.0,)
(2.0,)
(2.0,)
(1.0,)
(1.0,)
(1.0,)
(1.0,)
(1.0,)
(1.0,)
(1.0,)
(1.0,)
(1.0,)
(0.0,)
(0.0,)
(1.0,)
(0.0,)
(0.0,)
(0.0,)
(1.0,)
(0.0,)
(1.0,)
(1.0,)
(1.0,)
(0.0,)
(0.0,)
(0.0,)
(0.0,)
(0.0,)
(0.0,)
(0.0,)
(0.0,)
(0.0,)
(0.0,)
(0.0,)
(0.0,)
(0.0,)
(0.0,)
(0.0,)
(0.0,)
(0.0,)
(0.0,)
(0.0,)
(0.0,)
(0.0,)
(0.0,)
(0.0,)
(0.0,)
(0.0,)
(0.0,)
(0.0,)
(0.0,)
(0.0,)
(0.0,)
(0.0,)
(0.0,)
(0.0,)
(0.0,)
(0.0,)
(0.0,)
(0.0,)
(0.0,)
(0.0,)
(0.0,)
(0.0,)
(0.0,)
(0.0,)
(0.0,)
(0.0,)
(0.0,)
(0.0,)
(0.0,)
(0.0,)
(0.0,)
(0.0,)
(0.0,)
(0.0,)
