0 0 0 0
0 0 139 67
0 0 0 0
0 128 29 68
0 0 64 64
0 0 72 66
0 0 200 66
0 0 22 67
0 0 0 0
0 0 0 64
0 0 126 67
100 33 139 63
100 33 11 64
22 178 80 64
100 33 139 64
189 233 173 64
22 178 208 64
111 122 243 64
100 33 11 65
145 133 28 65
189 233 45 65
234 77 63 65
22 178 80 65
67 22 98 65
111 122 115 65
78 111 130 65
100 33 139 65
122 211 147 65
145 133 156 65
167 55 165 65
189 233 173 65
211 155 182 65
234 77 191 65
0 0 200 65
22 178 208 65
45 100 217 65
67 22 226 65
89 200 234 65
111 122 243 65
134 44 252 65
78 111 2 66
89 200 6 66
100 33 11 66
111 122 15 66
122 211 19 66
134 44 24 66
145 133 28 66
156 222 32 66
167 55 37 66
178 144 41 66
189 233 45 66
200 66 50 66
211 155 54 66
223 244 58 66
234 77 63 66
245 166 67 66
0 0 72 66
11 89 76 66
22 178 80 66
33 11 85 66
45 100 89 66
56 189 93 66
67 22 98 66
78 111 102 66
89 200 106 66
100 33 111 66
111 122 115 66
122 211 119 66
134 44 124 66
200 66 128 66
78 111 130 66
211 155 132 66
89 200 134 66
223 244 136 66
100 33 139 66
234 77 141 66
111 122 143 66
245 166 145 66
122 211 147 66
0 0 150 66
134 44 152 66
11 89 154 66
145 133 156 66
22 178 158 66
156 222 160 66
33 11 163 66
167 55 165 66
45 100 167 66
178 144 169 66
56 189 171 66
189 233 173 66
67 22 176 66
200 66 178 66
78 111 180 66
211 155 182 66
89 200 184 66
223 244 186 66
100 33 189 66
234 77 191 66
111 122 193 66
245 166 195 66
122 211 197 66
0 0 200 66
134 44 202 66
11 89 204 66
145 133 206 66
22 178 208 66
156 222 210 66
33 11 213 66
167 55 215 66
45 100 217 66
178 144 219 66
56 189 221 66
189 233 223 66
67 22 226 66
200 66 228 66
78 111 230 66
211 155 232 66
89 200 234 66
223 244 236 66
100 33 239 66
234 77 241 66
111 122 243 66
245 166 245 66
122 211 247 66
0 0 250 66
134 44 252 66
11 89 254 66
200 66 0 67
11 89 1 67
78 111 2 67
145 133 3 67
211 155 4 67
22 178 5 67
89 200 6 67
156 222 7 67
223 244 8 67
33 11 10 67
100 33 11 67
167 55 12 67
234 77 13 67
45 100 14 67
111 122 15 67
178 144 16 67
245 166 17 67
56 189 18 67
122 211 19 67
189 233 20 67
0 0 22 67
67 22 23 67
134 44 24 67
200 66 25 67
11 89 26 67
78 111 27 67
145 133 28 67
211 155 29 67
22 178 30 67
89 200 31 67
156 222 32 67
223 244 33 67
33 11 35 67
100 33 36 67
167 55 37 67
234 77 38 67
45 100 39 67
111 122 40 67
178 144 41 67
245 166 42 67
56 189 43 67
122 211 44 67
189 233 45 67
0 0 47 67
67 22 48 67
134 44 49 67
200 66 50 67
11 89 51 67
78 111 52 67
145 133 53 67
211 155 54 67
22 178 55 67
89 200 56 67
156 222 57 67
223 244 58 67
33 11 60 67
100 33 61 67
167 55 62 67
234 77 63 67
45 100 64 67
111 122 65 67
178 144 66 67
245 166 67 67
56 189 68 67
122 211 69 67
189 233 70 67
0 0 72 67
67 22 73 67
134 44 74 67
200 66 75 67
11 89 76 67
78 111 77 67
145 133 78 67
211 155 79 67
22 178 80 67
89 200 81 67
156 222 82 67
223 244 83 67
33 11 85 67
100 33 86 67
167 55 87 67
234 77 88 67
45 100 89 67
111 122 90 67
178 144 91 67
245 166 92 67
56 189 93 67
122 211 94 67
189 233 95 67
0 0 97 67
67 22 98 67
134 44 99 67
200 66 100 67
11 89 101 67
78 111 102 67
145 133 103 67
211 155 104 67
22 178 105 67
89 200 106 67
156 222 107 67
223 244 108 67
33 11 110 67
100 33 111 67
167 55 112 67
234 77 113 67
45 100 114 67
111 122 115 67
178 144 116 67
245 166 117 67
56 189 118 67
122 211 119 67
189 233 120 67
0 0 122 67
67 22 123 67
134 44 124 67
200 66 125 67
11 89 126 67
78 111 127 67
200 66 128 67
234 205 128 67
11 89 129 67
45 228 129 67
78 111 130 67
111 250 130 67
145 133 131 67
178 16 132 67
211 155 132 67
245 38 133 67
22 178 133 67
56 61 134 67
89 200 134 67
122 83 135 67
156 222 135 67
189 105 136 67
223 244 136 67
0 128 137 67
33 11 138 67
0 0 0 0
0 0 0 0
0 0 0 0
0 0 0 0
0 0 0 0
0 0 0 0
0 0 0 0
0 0 0 0
0 0 0 0
0 0 0 0
0 0 0 0
0 0 0 0
0 0 0 0
0 0 0 0
0 0 0 0
0 0 0 0
0 0 0 0
0 0 128 63
0 0 64 64
0 0 128 64
0 0 160 64
0 0 160 64
0 0 224 64
0 0 224 64
0 0 0 65
0 0 16 65
0 0 16 65
0 0 32 65
0 0 32 65
0 0 32 65
0 0 32 65
0 0 16 65
0 0 16 65
0 0 0 65
0 0 16 65
0 0 16 65
0 0 32 65
0 0 48 65
0 0 80 65
0 0 112 65
0 0 136 65
0 0 168 65
0 0 216 65
0 0 4 66
0 0 24 66
0 0 60 66
0 0 96 66
0 0 140 66
0 0 168 66
0 0 202 66
0 0 244 66
0 0 19 67
0 0 48 67
0 0 76 67
0 0 106 67
0 0 134 67
0 0 155 67
0 0 174 67
0 0 192 67
0 0 209 67
0 128 227 67
0 0 244 67
0 64 1 68
0 0 9 68
0 0 15 68
0 128 20 68
0 64 24 68
0 128 27 68
0 128 29 68
0 192 28 68
0 0 28 68
0 128 26 68
0 192 25 68
0 192 21 68
0 192 16 68
0 192 11 68
0 64 5 68
0 0 252 67
0 128 237 67
0 128 224 67
0 128 210 67
0 0 196 67
0 0 181 67
0 0 168 67
0 128 154 67
0 0 140 67
0 0 128 67
0 0 108 67
0 0 90 67
0 0 72 67
0 0 57 67
0 0 40 67
0 0 26 67
0 0 14 67
0 0 2 67
0 0 242 66
0 0 220 66
0 0 208 66
0 0 192 66
0 0 180 66
0 0 168 66
0 0 160 66
0 0 150 66
0 0 144 66
0 0 140 66
0 0 134 66
0 0 128 66
0 0 112 66
0 0 104 66
0 0 96 66
0 0 84 66
0 0 72 66
0 0 68 66
0 0 64 66
0 0 52 66
0 0 44 66
0 0 32 66
0 0 20 66
0 0 8 66
0 0 0 66
0 0 240 65
0 0 224 65
0 0 216 65
0 0 208 65
0 0 192 65
0 0 176 65
0 0 168 65
0 0 160 65
0 0 152 65
0 0 144 65
0 0 144 65
0 0 136 65
0 0 128 65
0 0 112 65
0 0 112 65
0 0 80 65
0 0 80 65
0 0 64 65
0 0 64 65
0 0 48 65
0 0 32 65
0 0 16 65
0 0 16 65
0 0 0 65
0 0 0 65
0 0 0 65
0 0 0 65
0 0 0 65
0 0 0 65
0 0 224 64
0 0 224 64
0 0 224 64
0 0 192 64
0 0 192 64
0 0 192 64
0 0 160 64
0 0 160 64
0 0 160 64
0 0 160 64
0 0 128 64
0 0 64 64
0 0 64 64
0 0 64 64
0 0 64 64
0 0 64 64
0 0 64 64
0 0 64 64
0 0 64 64
0 0 0 64
0 0 64 64
0 0 0 64
0 0 0 64
0 0 0 64
0 0 0 64
0 0 0 64
0 0 0 64
0 0 0 64
0 0 0 64
0 0 0 64
0 0 0 64
0 0 0 64
0 0 128 63
0 0 128 63
0 0 128 63
0 0 128 63
0 0 128 63
0 0 128 63
0 0 128 63
0 0 128 63
0 0 128 63
0 0 0 0
0 0 0 0
0 0 128 63
0 0 0 0
0 0 0 0
0 0 0 0
0 0 128 63
0 0 0 0
0 0 128 63
0 0 128 63
0 0 128 63
0 0 0 0
0 0 0 0
0 0 0 0
0 0 0 0
0 0 0 0
0 0 0 0
0 0 0 0
0 0 0 0
0 0 0 0
0 0 0 0
0 0 0 0
0 0 0 0
0 0 0 0
0 0 0 0
0 0 0 0
0 0 0 0
0 0 0 0
0 0 0 0
0 0 0 0
0 0 0 0
0 0 0 0
0 0 0 0
0 0 0 0
0 0 0 0
0 0 0 0
0 0 0 0
0 0 0 0
0 0 0 0
0 0 0 0
0 0 0 0
0 0 0 0
0 0 0 0
0 0 0 0
0 0 0 0
0 0 0 0
0 0 0 0
0 0 0 0
0 0 0 0
0 0 0 0
0 0 0 0
0 0 0 0
0 0 0 0
0 0 0 0
0 0 0 0
0 0 0 0
0 0 0 0
0 0 0 0
0 0 0 0
0 0 0 0
0 0 0 0
0 0 0 0
0 0 0 0
0 0 0 0
