0.0
206.0
0.0
225.0
128.0
138.0
266.0
89.0
0.0
64.0
193.0
335.0
208.0
344.0
336.0
659.0
472.0
540.0
209.0
371.0
532.0
439.0
345.0
252.0
413.0
384.0
337.0
545.0
499.0
452.0
660.0
613.0
567.0
265.0
473.0
427.0
380.0
588.0
541.0
495.0
257.0
361.0
210.0
314.0
418.0
268.0
372.0
476.0
325.0
429.0
533.0
382.0
486.0
591.0
440.0
544.0
138.0
242.0
346.0
195.0
300.0
404.0
253.0
357.0
461.0
310.0
414.0
518.0
368.0
460.0
385.0
564.0
489.0
669.0
338.0
518.0
442.0
622.0
546.0
216.0
396.0
320.0
500.0
424.0
604.0
273.0
453.0
378.0
557.0
482.0
661.0
331.0
510.0
435.0
614.0
539.0
719.0
388.0
568.0
492.0
672.0
596.0
266.0
446.0
370.0
550.0
474.0
654.0
323.0
503.0
428.0
607.0
532.0
711.0
381.0
560.0
485.0
664.0
589.0
769.0
438.0
618.0
542.0
722.0
646.0
316.0
496.0
420.0
333.0
168.0
258.0
348.0
437.0
272.0
362.0
452.0
542.0
121.0
211.0
301.0
391.0
226.0
315.0
405.0
495.0
330.0
419.0
509.0
89.0
179.0
269.0
358.0
193.0
283.0
373.0
462.0
297.0
387.0
477.0
567.0
146.0
236.0
326.0
416.0
251.0
340.0
430.0
520.0
355.0
444.0
534.0
114.0
204.0
294.0
383.0
218.0
308.0
398.0
487.0
322.0
412.0
502.0
592.0
171.0
261.0
351.0
441.0
276.0
365.0
455.0
545.0
380.0
469.0
559.0
139.0
229.0
319.0
408.0
243.0
333.0
423.0
512.0
347.0
437.0
527.0
617.0
196.0
286.0
376.0
466.0
301.0
390.0
480.0
570.0
405.0
494.0
584.0
164.0
254.0
344.0
433.0
268.0
358.0
448.0
537.0
372.0
462.0
552.0
642.0
221.0
311.0
401.0
491.0
326.0
415.0
505.0
595.0
430.0
519.0
609.0
189.0
279.0
369.0
458.0
293.0
383.0
461.0
634.0
296.0
469.0
386.0
558.0
476.0
393.0
565.0
483.0
400.0
318.0
490.0
407.0
580.0
497.0
670.0
332.0
249.0
0.0
0.0
0.0
0.0
0.0
0.0
0.0
0.0
0.0
0.0
0.0
0.0
0.0
0.0
0.0
0.0
0.0
191.0
128.0
192.0
224.0
224.0
288.0
288.0
65.0
81.0
81.0
97.0
97.0
97.0
97.0
81.0
81.0
65.0
81.0
81.0
97.0
113.0
145.0
177.0
201.0
233.0
281.0
70.0
90.0
126.0
162.0
206.0
234.0
268.0
310.0
86.0
115.0
143.0
173.0
201.0
222.0
241.0
259.0
276.0
422.0
311.0
133.0
77.0
83.0
216.0
156.0
223.0
225.0
288.0
96.0
222.0
285.0
281.0
276.0
271.0
137.0
319.0
432.0
419.0
405.0
263.0
248.0
235.0
349.0
207.0
195.0
175.0
157.0
139.0
124.0
107.0
93.0
81.0
69.0
308.0
286.0
274.0
258.0
246.0
234.0
226.0
216.0
210.0
206.0
200.0
194.0
178.0
170.0
162.0
150.0
138.0
134.0
130.0
118.0
110.0
98.0
86.0
74.0
66.0
305.0
289.0
281.0
273.0
257.0
241.0
233.0
225.0
217.0
209.0
209.0
201.0
193.0
177.0
177.0
145.0
145.0
129.0
129.0
113.0
97.0
81.0
81.0
65.0
65.0
65.0
65.0
65.0
65.0
288.0
288.0
288.0
256.0
256.0
256.0
224.0
224.0
224.0
224.0
192.0
128.0
128.0
128.0
128.0
128.0
128.0
128.0
128.0
64.0
128.0
64.0
64.0
64.0
64.0
64.0
64.0
64.0
64.0
64.0
64.0
64.0
191.0
191.0
191.0
191.0
191.0
191.0
191.0
191.0
191.0
0.0
0.0
191.0
0.0
0.0
0.0
191.0
0.0
191.0
191.0
191.0
0.0
0.0
0.0
0.0
0.0
0.0
0.0
0.0
0.0
0.0
0.0
0.0
0.0
0.0
0.0
0.0
0.0
0.0
0.0
0.0
0.0
0.0
0.0
0.0
0.0
0.0
0.0
0.0
0.0
0.0
0.0
0.0
0.0
0.0
0.0
0.0
0.0
0.0
0.0
0.0
0.0
0.0
0.0
0.0
0.0
0.0
0.0
0.0
0.0
0.0
0.0
0.0
0.0
