(0.0,)
(2047.0,)
(0.0,)
(2047.0,)
(0.0,)
(0.0,)
(4.0,)
(2416.0,)
(526.0,)
(518.0,)
(712.0,)
(761.0,)
(703.0,)
(642.0,)
(627.0,)
(709.0,)
(558.0,)
(563.0,)
(642.0,)
(686.0,)
(724.0,)
(686.0,)
(572.0,)
(603.0,)
(752.0,)
(661.0,)
(536.0,)
(577.0,)
(670.0,)
(587.0,)
(647.0,)
(686.0,)
(726.0,)
(516.0,)
(637.0,)
(651.0,)
(680.0,)
(571.0,)
(559.0,)
(793.0,)
(656.0,)
(538.0,)
(678.0,)
(585.0,)
(527.0,)
(630.0,)
(635.0,)
(602.0,)
(645.0,)
(539.0,)
(621.0,)
(734.0,)
(595.0,)
(637.0,)
(672.0,)
(549.0,)
(635.0,)
(831.0,)
(652.0,)
(717.0,)
(617.0,)
(585.0,)
(591.0,)
(756.0,)
(676.0,)
(585.0,)
(744.0,)
(725.0,)
(506.0,)
(617.0,)
(588.0,)
(597.0,)
(714.0,)
(696.0,)
(543.0,)
(683.0,)
(569.0,)
(684.0,)
(807.0,)
(584.0,)
(579.0,)
(669.0,)
(606.0,)
(671.0,)
(563.0,)
(677.0,)
(566.0,)
(629.0,)
(659.0,)
(714.0,)
(704.0,)
(528.0,)
(743.0,)
(679.0,)
(598.0,)
(797.0,)
(646.0,)
(613.0,)
(518.0,)
(699.0,)
(705.0,)
(559.0,)
(647.0,)
(632.0,)
(683.0,)
(566.0,)
(649.0,)
(600.0,)
(513.0,)
(684.0,)
(806.0,)
(621.0,)
(628.0,)
(667.0,)
(608.0,)
(593.0,)
(700.0,)
(631.0,)
(684.0,)
(726.0,)
(704.0,)
(512.0,)
(597.0,)
(734.0,)
(591.0,)
(630.0,)
(631.0,)
(741.0,)
(611.0,)
(622.0,)
(605.0,)
(583.0,)
(743.0,)
(689.0,)
(573.0,)
(646.0,)
(829.0,)
(557.0,)
(636.0,)
(653.0,)
(567.0,)
(662.0,)
(649.0,)
(637.0,)
(551.0,)
(562.0,)
(651.0,)
(736.0,)
(606.0,)
(639.0,)
(663.0,)
(619.0,)
(648.0,)
(565.0,)
(648.0,)
(551.0,)
(629.0,)
(618.0,)
(682.0,)
(765.0,)
(617.0,)
(662.0,)
(673.0,)
(606.0,)
(643.0,)
(757.0,)
(631.0,)
(555.0,)
(755.0,)
(699.0,)
(735.0,)
(663.0,)
(587.0,)
(546.0,)
(659.0,)
(637.0,)
(557.0,)
(647.0,)
(605.0,)
(670.0,)
(708.0,)
(671.0,)
(631.0,)
(727.0,)
(601.0,)
(657.0,)
(669.0,)
(650.0,)
(692.0,)
(795.0,)
(725.0,)
(684.0,)
(636.0,)
(569.0,)
(596.0,)
(682.0,)
(612.0,)
(644.0,)
(523.0,)
(718.0,)
(657.0,)
(767.0,)
(543.0,)
(821.0,)
(712.0,)
(649.0,)
(635.0,)
(576.0,)
(589.0,)
(707.0,)
(664.0,)
(603.0,)
(699.0,)
(670.0,)
(567.0,)
(682.0,)
(711.0,)
(649.0,)
(628.0,)
(734.0,)
(542.0,)
(686.0,)
(601.0,)
(581.0,)
(570.0,)
(742.0,)
(771.0,)
(686.0,)
(714.0,)
(695.0,)
(553.0,)
(752.0,)
(781.0,)
(829.0,)
(504.0,)
(691.0,)
(816.0,)
(535.0,)
(581.0,)
(599.0,)
(789.0,)
(757.0,)
(603.0,)
(496.0,)
(649.0,)
(626.0,)
(629.0,)
(542.0,)
(679.0,)
(552.0,)
(601.0,)
(728.0,)
(619.0,)
(645.0,)
(698.0,)
(645.0,)
(609.0,)
(676.0,)
(671.0,)
(519.0,)
(596.0,)
(691.0,)
(596.0,)
(569.0,)
(736.0,)
(771.0,)
(529.0,)
(597.0,)
(662.0,)
(696.0,)
(594.0,)
(680.0,)
(561.0,)
(588.0,)
(551.0,)
(603.0,)
(604.0,)
(650.0,)
(758.0,)
(614.0,)
(565.0,)
(624.0,)
(714.0,)
(580.0,)
(641.0,)
(686.0,)
(718.0,)
(737.0,)
(667.0,)
(555.0,)
(622.0,)
(571.0,)
(689.0,)
(626.0,)
(513.0,)
(812.0,)
(666.0,)
(779.0,)
(623.0,)
(590.0,)
(642.0,)
(656.0,)
(581.0,)
(657.0,)
(561.0,)
(708.0,)
(674.0,)
(625.0,)
(528.0,)
(572.0,)
(724.0,)
(540.0,)
(597.0,)
(703.0,)
(592.0,)
(669.0,)
(670.0,)
(669.0,)
(618.0,)
(583.0,)
(701.0,)
(537.0,)
(687.0,)
(696.0,)
(551.0,)
(683.0,)
(562.0,)
(604.0,)
(619.0,)
(735.0,)
(582.0,)
(564.0,)
(658.0,)
(524.0,)
(649.0,)
(662.0,)
(647.0,)
(655.0,)
(586.0,)
(711.0,)
(518.0,)
(629.0,)
(523.0,)
(639.0,)
(767.0,)
(684.0,)
(616.0,)
(684.0,)
(537.0,)
(723.0,)
(654.0,)
(630.0,)
(540.0,)
(706.0,)
(575.0,)
(767.0,)
(524.0,)
(700.0,)
(518.0,)
(551.0,)
(575.0,)
(610.0,)
(540.0,)
(737.0,)
(610.0,)
(543.0,)
(684.0,)
(633.0,)
(648.0,)
(615.0,)
(563.0,)
(616.0,)
(697.0,)
(571.0,)
(630.0,)
(608.0,)
(625.0,)
(535.0,)
(676.0,)
(598.0,)
(538.0,)
(612.0,)
(738.0,)
(697.0,)
(650.0,)
(663.0,)
(498.0,)
(649.0,)
(737.0,)
(664.0,)
(675.0,)
(555.0,)
(681.0,)
(618.0,)
(682.0,)
(645.0,)
(641.0,)
(750.0,)
(617.0,)
(711.0,)
(655.0,)
(737.0,)
(601.0,)
(536.0,)
(612.0,)
(539.0,)
(719.0,)
(664.0,)
(755.0,)
(713.0,)
(584.0,)
(549.0,)
(557.0,)
(757.0,)
(656.0,)
(748.0,)
(714.0,)
(586.0,)
(605.0,)
(609.0,)
(691.0,)
(512.0,)
(641.0,)
(685.0,)
(706.0,)
(612.0,)
(844.0,)
(638.0,)
(612.0,)
(716.0,)
(632.0,)
(637.0,)
(536.0,)
(621.0,)
(564.0,)
(579.0,)
(762.0,)
(648.0,)
(560.0,)
(703.0,)
(579.0,)
(636.0,)
(640.0,)
(626.0,)
(580.0,)
(537.0,)
(496.0,)
(570.0,)
(688.0,)
(659.0,)
(655.0,)
(647.0,)
(614.0,)
(621.0,)
(563.0,)
(561.0,)
(601.0,)
(558.0,)
(619.0,)
(661.0,)
(586.0,)
(775.0,)
(661.0,)
(639.0,)
(764.0,)
(566.0,)
(678.0,)
(680.0,)
(612.0,)
(629.0,)
(583.0,)
(598.0,)
(664.0,)
(668.0,)
(579.0,)
(607.0,)
(597.0,)
(687.0,)
(597.0,)
(632.0,)
(627.0,)
(636.0,)
(682.0,)
(698.0,)
(678.0,)
(666.0,)
(620.0,)
(600.0,)
(526.0,)
(611.0,)
(638.0,)
(598.0,)
(593.0,)
(558.0,)
(556.0,)
(606.0,)
(649.0,)
(527.0,)
(717.0,)
(602.0,)
(590.0,)
(591.0,)
(739.0,)
(550.0,)
(702.0,)
(608.0,)
(638.0,)
(783.0,)
(752.0,)
(571.0,)
(576.0,)
(664.0,)
(774.0,)
(745.0,)
(570.0,)
(623.0,)
(653.0,)
(856.0,)
(641.0,)
(798.0,)
(801.0,)
(653.0,)
(565.0,)
(662.0,)
(688.0,)
(614.0,)
(707.0,)
(716.0,)
(706.0,)
(687.0,)
(582.0,)
(617.0,)
(615.0,)
(677.0,)
(549.0,)
(668.0,)
(566.0,)
(579.0,)
(563.0,)
(599.0,)
(652.0,)
(536.0,)
(547.0,)
(638.0,)
(555.0,)
(675.0,)
(668.0,)
(652.0,)
(681.0,)
(559.0,)
(685.0,)
(527.0,)
(654.0,)
(768.0,)
(542.0,)
(605.0,)
(639.0,)
(634.0,)
(636.0,)
(742.0,)
(663.0,)
(643.0,)
(529.0,)
(666.0,)
(663.0,)
(719.0,)
(663.0,)
(646.0,)
(610.0,)
(680.0,)
(774.0,)
(612.0,)
(758.0,)
(661.0,)
(684.0,)
(685.0,)
(519.0,)
(593.0,)
(655.0,)
(562.0,)
(693.0,)
(687.0,)
(663.0,)
(595.0,)
(694.0,)
(757.0,)
(609.0,)
(647.0,)
(712.0,)
(497.0,)
(596.0,)
(589.0,)
(625.0,)
(607.0,)
(794.0,)
(706.0,)
(683.0,)
(573.0,)
(733.0,)
(789.0,)
(588.0,)
(703.0,)
(819.0,)
(685.0,)
(565.0,)
(592.0,)
(667.0,)
(666.0,)
(666.0,)
(780.0,)
(569.0,)
(622.0,)
(654.0,)
(593.0,)
(763.0,)
(654.0,)
(772.0,)
(630.0,)
(587.0,)
(578.0,)
(672.0,)
(658.0,)
(653.0,)
(592.0,)
(595.0,)
(599.0,)
(730.0,)
(703.0,)
(594.0,)
(687.0,)
(770.0,)
(704.0,)
(578.0,)
(674.0,)
(718.0,)
(676.0,)
(625.0,)
(693.0,)
(685.0,)
(658.0,)
(655.0,)
(606.0,)
(727.0,)
(618.0,)
(540.0,)
(623.0,)
(611.0,)
(642.0,)
(635.0,)
(688.0,)
(681.0,)
(611.0,)
(622.0,)
(670.0,)
(580.0,)
(619.0,)
(536.0,)
(614.0,)
(807.0,)
(641.0,)
(608.0,)
(561.0,)
(600.0,)
(580.0,)
(603.0,)
(617.0,)
(613.0,)
(633.0,)
(636.0,)
(547.0,)
(634.0,)
(682.0,)
(712.0,)
(679.0,)
(630.0,)
(669.0,)
(643.0,)
(709.0,)
(618.0,)
(571.0,)
(755.0,)
(561.0,)
(588.0,)
(628.0,)
(625.0,)
(722.0,)
(570.0,)
(626.0,)
(555.0,)
(683.0,)
(733.0,)
(668.0,)
(645.0,)
(665.0,)
(739.0,)
(650.0,)
(591.0,)
(578.0,)
(608.0,)
(713.0,)
(644.0,)
(762.0,)
(674.0,)
(730.0,)
(657.0,)
(663.0,)
(593.0,)
(504.0,)
(627.0,)
(578.0,)
(663.0,)
(582.0,)
(633.0,)
(743.0,)
(573.0,)
(774.0,)
(682.0,)
(685.0,)
(725.0,)
(567.0,)
(638.0,)
(615.0,)
(683.0,)
(637.0,)
(579.0,)
(554.0,)
(767.0,)
(569.0,)
(617.0,)
(600.0,)
(605.0,)
(616.0,)
(776.0,)
(612.0,)
(626.0,)
(690.0,)
(805.0,)
(583.0,)
(641.0,)
(669.0,)
(685.0,)
(644.0,)
(665.0,)
(594.0,)
(636.0,)
(794.0,)
(602.0,)
(544.0,)
(573.0,)
(630.0,)
(644.0,)
(558.0,)
(545.0,)
(635.0,)
(816.0,)
(564.0,)
(664.0,)
(650.0,)
(663.0,)
(590.0,)
(665.0,)
(543.0,)
(586.0,)
(639.0,)
(595.0,)
(729.0,)
(563.0,)
(751.0,)
(687.0,)
(507.0,)
(602.0,)
(752.0,)
(660.0,)
(655.0,)
(500.0,)
(610.0,)
(685.0,)
(798.0,)
(787.0,)
(715.0,)
(607.0,)
(719.0,)
(899.0,)
(1140.0,)
(1003.0,)
(982.0,)
(748.0,)
(895.0,)
(946.0,)
(932.0,)
(1077.0,)
(1272.0,)
(785.0,)
(1090.0,)
(853.0,)
(788.0,)
(1002.0,)
(900.0,)
(894.0,)
(988.0,)
(1164.0,)
(992.0,)
(985.0,)
(1245.0,)
(1065.0,)
(917.0,)
(969.0,)
(925.0,)
(903.0,)
(831.0,)
(963.0,)
(932.0,)
(971.0,)
(969.0,)
(984.0,)
(866.0,)
(993.0,)
(812.0,)
(1164.0,)
(998.0,)
(801.0,)
(1079.0,)
(870.0,)
(954.0,)
(1024.0,)
(910.0,)
(963.0,)
(909.0,)
(1073.0,)
(1059.0,)
(999.0,)
(899.0,)
(1069.0,)
(903.0,)
(948.0,)
(1178.0,)
(1007.0,)
(1099.0,)
(875.0,)
(881.0,)
(1285.0,)
(936.0,)
(1100.0,)
(906.0,)
(974.0,)
(1114.0,)
(959.0,)
(905.0,)
(941.0,)
(1037.0,)
(863.0,)
(850.0,)
(1085.0,)
(979.0,)
(965.0,)
(915.0,)
(850.0,)
(875.0,)
(1155.0,)
(812.0,)
(1180.0,)
(945.0,)
(934.0,)
(991.0,)
(1047.0,)
(907.0,)
(1165.0,)
(908.0,)
(1166.0,)
(853.0,)
(1038.0,)
(1062.0,)
(836.0,)
(1049.0,)
(1043.0,)
(1115.0,)
(1076.0,)
(1068.0,)
(1006.0,)
(1225.0,)
(824.0,)
(985.0,)
(821.0,)
(1010.0,)
(894.0,)
(954.0,)
(1213.0,)
(886.0,)
(975.0,)
(1040.0,)
(878.0,)
(1065.0,)
(902.0,)
(848.0,)
(945.0,)
(870.0,)
(908.0,)
(979.0,)
(839.0,)
(837.0,)
(928.0,)
(1105.0,)
(1074.0,)
(935.0,)
(874.0,)
(823.0,)
(1010.0,)
(1041.0,)
(981.0,)
(793.0,)
(1083.0,)
(1251.0,)
(892.0,)
(916.0,)
(905.0,)
(885.0,)
(864.0,)
(1068.0,)
(824.0,)
(970.0,)
(924.0,)
(930.0,)
(1014.0,)
(897.0,)
(940.0,)
(898.0,)
(1313.0,)
(989.0,)
(1116.0,)
(1043.0,)
(956.0,)
(1039.0,)
(959.0,)
(896.0,)
(999.0,)
(1141.0,)
(1047.0,)
(929.0,)
(1008.0,)
(1221.0,)
(1106.0,)
(857.0,)
(1007.0,)
(1051.0,)
(954.0,)
(856.0,)
(1016.0,)
(941.0,)
(837.0,)
(1013.0,)
(812.0,)
(848.0,)
(926.0,)
(1094.0,)
(975.0,)
(1056.0,)
(902.0,)
(1141.0,)
(1023.0,)
(793.0,)
(1068.0,)
(1120.0,)
(1006.0,)
(860.0,)
(965.0,)
(1132.0,)
(947.0,)
(913.0,)
(934.0,)
(986.0,)
(892.0,)
(971.0,)
(994.0,)
(1026.0,)
(949.0,)
(1089.0,)
(807.0,)
(928.0,)
(1022.0,)
(843.0,)
(881.0,)
(932.0,)
(979.0,)
(1073.0,)
(894.0,)
(1174.0,)
(927.0,)
(936.0,)
(1127.0,)
(1154.0,)
(886.0,)
(920.0,)
(929.0,)
(1074.0,)
(959.0,)
(1139.0,)
(917.0,)
(994.0,)
(906.0,)
(1097.0,)
(961.0,)
(1023.0,)
(1212.0,)
(911.0,)
(806.0,)
(972.0,)
(1036.0,)
(968.0,)
(1157.0,)
(990.0,)
(1057.0,)
(939.0,)
(876.0,)
(1087.0,)
(977.0,)
(876.0,)
(933.0,)
(896.0,)
(932.0,)
(1151.0,)
(770.0,)
(938.0,)
(979.0,)
(1075.0,)
(865.0,)
(996.0,)
(1021.0,)
(828.0,)
(925.0,)
(986.0,)
(929.0,)
(999.0,)
(937.0,)
(916.0,)
(1048.0,)
(854.0,)
(1089.0,)
(961.0,)
(821.0,)
(932.0,)
(1042.0,)
(987.0,)
(957.0,)
(856.0,)
(966.0,)
(1010.0,)
(960.0,)
(832.0,)
(1010.0,)
(1033.0,)
(798.0,)
(818.0,)
(1342.0,)
(1010.0,)
(904.0,)
(916.0,)
(923.0,)
(921.0,)
(984.0,)
(1094.0,)
(949.0,)
(930.0,)
(894.0,)
(1050.0,)
(867.0,)
(1136.0,)
(991.0,)
(956.0,)
(1103.0,)
(932.0,)
(1116.0,)
(959.0,)
(1056.0,)
(975.0,)
(955.0,)
(822.0,)
(1164.0,)
(1195.0,)
(854.0,)
(1131.0,)
(960.0,)
(1151.0,)
(1018.0,)
(871.0,)
(1020.0,)
(967.0,)
(879.0,)
(898.0,)
(805.0,)
(816.0,)
(986.0,)
(896.0,)
(1013.0,)
(924.0,)
(725.0,)
(1059.0,)
(1038.0,)
(1026.0,)
(838.0,)
(1157.0,)
(1037.0,)
(987.0,)
(890.0,)
(913.0,)
(981.0,)
(961.0,)
(952.0,)
(927.0,)
(1025.0,)
(981.0,)
(890.0,)
(1014.0,)
(1125.0,)
(863.0,)
(872.0,)
(1042.0,)
(1049.0,)
(898.0,)
(641.0,)
(998.0,)
(1119.0,)
(907.0,)
(1117.0,)
(906.0,)
(936.0,)
(1032.0,)
(1109.0,)
(1046.0,)
(1044.0,)
(985.0,)
(1056.0,)
(1107.0,)
(1039.0,)
(922.0,)
(1047.0,)
(1097.0,)
(923.0,)
(970.0,)
(1046.0,)
(1034.0,)
(1134.0,)
(973.0,)
(1014.0,)
(1070.0,)
(1041.0,)
(1080.0,)
(905.0,)
(974.0,)
(949.0,)
(1001.0,)
(819.0,)
(977.0,)
(881.0,)
(983.0,)
(876.0,)
(1001.0,)
(899.0,)
(904.0,)
(1001.0,)
(854.0,)
(1086.0,)
(850.0,)
(1059.0,)
(1107.0,)
(1013.0,)
(1001.0,)
(1082.0,)
(945.0,)
(893.0,)
(1014.0,)
(917.0,)
(889.0,)
(808.0,)
(996.0,)
(1145.0,)
(942.0,)
(1035.0,)
(1013.0,)
(829.0,)
(1014.0,)
(1052.0,)
(919.0,)
(939.0,)
(927.0,)
(1258.0,)
(963.0,)
(1105.0,)
(843.0,)
(803.0,)
(991.0,)
(1054.0,)
(1048.0,)
(866.0,)
(1041.0,)
(934.0,)
(938.0,)
(1055.0,)
(1085.0,)
(1018.0,)
(1010.0,)
(967.0,)
(1187.0,)
(958.0,)
(1084.0,)
(825.0,)
(1030.0,)
(896.0,)
(885.0,)
(884.0,)
(1127.0,)
(977.0,)
(1069.0,)
(887.0,)
(840.0,)
(1270.0,)
(1098.0,)
(890.0,)
(909.0,)
(1121.0,)
(1123.0,)
(1061.0,)
(912.0,)
(1005.0,)
(1010.0,)
(1255.0,)
(1034.0,)
(1049.0,)
(994.0,)
(1073.0,)
(1211.0,)
(1019.0,)
(867.0,)
(1072.0,)
(835.0,)
(1000.0,)
(1045.0,)
(988.0,)
(1061.0,)
(890.0,)
(965.0,)
(1086.0,)
(1142.0,)
(1059.0,)
(1393.0,)
(1248.0,)
(877.0,)
(950.0,)
(743.0,)
(1118.0,)
(1044.0,)
(898.0,)
(993.0,)
(859.0,)
(1034.0,)
(959.0,)
(948.0,)
(1031.0,)
(1130.0,)
(1042.0,)
(1026.0,)
(782.0,)
(1013.0,)
(961.0,)
(1066.0,)
(879.0,)
(839.0,)
(819.0,)
(943.0,)
(969.0,)
(949.0,)
(1005.0,)
(859.0,)
(1228.0,)
(1281.0,)
(628.0,)
(990.0,)
(846.0,)
(948.0,)
(798.0,)
(1036.0,)
(1012.0,)
(956.0,)
(1076.0,)
(887.0,)
(967.0,)
(857.0,)
(1094.0,)
(1040.0,)
(974.0,)
(1030.0,)
(932.0,)
(1333.0,)
(1016.0,)
(944.0,)
(1029.0,)
(987.0,)
(987.0,)
(945.0,)
(909.0,)
(1143.0,)
(1093.0,)
(747.0,)
(808.0,)
(1023.0,)
(913.0,)
(951.0,)
(910.0,)
(980.0,)
(977.0,)
(1227.0,)
(1100.0,)
(845.0,)
(967.0,)
(1104.0,)
(947.0,)
(854.0,)
(968.0,)
(1105.0,)
(807.0,)
(1112.0,)
(982.0,)
(1067.0,)
(1023.0,)
(850.0,)
(890.0,)
(1028.0,)
(699.0,)
(935.0,)
(1112.0,)
(934.0,)
(1026.0,)
(959.0,)
(1084.0,)
(876.0,)
(784.0,)
(916.0,)
(1109.0,)
(891.0,)
(1052.0,)
(929.0,)
(999.0,)
(1026.0,)
(1091.0,)
(1077.0,)
(1116.0,)
(1109.0,)
(886.0,)
(1027.0,)
(849.0,)
(865.0,)
(1060.0,)
(1125.0,)
(1086.0,)
(909.0,)
(915.0,)
(991.0,)
(898.0,)
(852.0,)
(789.0,)
(1060.0,)
(1031.0,)
(964.0,)
(1106.0,)
(975.0,)
(822.0,)
(1033.0,)
(939.0,)
(946.0,)
(1030.0,)
(1153.0,)
(1083.0,)
(879.0,)
(975.0,)
(968.0,)
(1061.0,)
(873.0,)
(796.0,)
(1098.0,)
(941.0,)
(951.0,)
(959.0,)
(1036.0,)
(1013.0,)
(893.0,)
(1080.0,)
(1035.0,)
(1086.0,)
(912.0,)
(1139.0,)
(794.0,)
(1069.0,)
(1033.0,)
(891.0,)
(1006.0,)
(956.0,)
(884.0,)
(1015.0,)
(805.0,)
(967.0,)
(882.0,)
(1053.0,)
(1126.0,)
(861.0,)
(942.0,)
(954.0,)
(1132.0,)
(777.0,)
(1169.0,)
(908.0,)
(942.0,)
(821.0,)
(1070.0,)
(830.0,)
(1068.0,)
(955.0,)
(934.0,)
(919.0,)
(1028.0,)
(1000.0,)
(828.0,)
(832.0,)
(940.0,)
(1025.0,)
(1100.0,)
(872.0,)
(959.0,)
(1135.0,)
(996.0,)
(1052.0,)
(905.0,)
(914.0,)
(814.0,)
(1194.0,)
(1097.0,)
(1067.0,)
(1064.0,)
(970.0,)
(1070.0,)
(962.0,)
(1132.0,)
(936.0,)
(953.0,)
(888.0,)
(1106.0,)
(970.0,)
(907.0,)
(848.0,)
(980.0,)
(1017.0,)
(925.0,)
(1003.0,)
(934.0,)
(1107.0,)
(873.0,)
(998.0,)
(939.0,)
(872.0,)
(1023.0,)
(965.0,)
(1096.0,)
(922.0,)
(1038.0,)
(1055.0,)
(1047.0,)
(1056.0,)
(780.0,)
(1021.0,)
(1008.0,)
(1069.0,)
(891.0,)
(819.0,)
(1063.0,)
(859.0,)
(1048.0,)
(867.0,)
(970.0,)
(1034.0,)
(1125.0,)
(787.0,)
(881.0,)
(829.0,)
(837.0,)
(843.0,)
(1092.0,)
(970.0,)
(1010.0,)
(836.0,)
(1073.0,)
(988.0,)
(963.0,)
(1058.0,)
(1094.0,)
(960.0,)
(954.0,)
(793.0,)
(1071.0,)
(998.0,)
(1044.0,)
(1052.0,)
(924.0,)
(1123.0,)
(1014.0,)
(1004.0,)
(848.0,)
(1082.0,)
(1016.0,)
(970.0,)
(1170.0,)
(918.0,)
(961.0,)
(1138.0,)
(1033.0,)
(1158.0,)
(968.0,)
(915.0,)
(941.0,)
(914.0,)
(1000.0,)
(1042.0,)
(1038.0,)
(967.0,)
(1130.0,)
(1042.0,)
(860.0,)
(829.0,)
(948.0,)
(977.0,)
(885.0,)
(867.0,)
(1119.0,)
(975.0,)
(909.0,)
(1082.0,)
(1016.0,)
(1025.0,)
(917.0,)
(972.0,)
(1126.0,)
(861.0,)
(1187.0,)
(987.0,)
(963.0,)
(872.0,)
(883.0,)
(1129.0,)
(977.0,)
(972.0,)
(843.0,)
(1163.0,)
(872.0,)
(955.0,)
(1023.0,)
(1065.0,)
(1046.0,)
(1003.0,)
(768.0,)
(847.0,)
(1045.0,)
(1072.0,)
(998.0,)
(999.0,)
(1059.0,)
(951.0,)
(892.0,)
(1135.0,)
(1116.0,)
(1021.0,)
(838.0,)
(863.0,)
(1149.0,)
(895.0,)
(926.0,)
(973.0,)
(869.0,)
(925.0,)
(1031.0,)
(999.0,)
(959.0,)
(1009.0,)
(919.0,)
(1092.0,)
(935.0,)
(1022.0,)
(1061.0,)
(1034.0,)
(1008.0,)
(947.0,)
(994.0,)
(1058.0,)
(1283.0,)
(987.0,)
(755.0,)
(973.0,)
(973.0,)
(955.0,)
(983.0,)
(1104.0,)
(910.0,)
(1165.0,)
(843.0,)
(1025.0,)
(915.0,)
(1030.0,)
(924.0,)
(1082.0,)
(901.0,)
(947.0,)
(968.0,)
(821.0,)
(912.0,)
(993.0,)
(977.0,)
(1118.0,)
(1030.0,)
(850.0,)
(1025.0,)
(929.0,)
(1182.0,)
(898.0,)
(825.0,)
(955.0,)
(960.0,)
(941.0,)
(1058.0,)
(961.0,)
(843.0,)
(1162.0,)
(1050.0,)
(842.0,)
(889.0,)
(725.0,)
(1043.0,)
(1125.0,)
(827.0,)
(980.0,)
(984.0,)
(929.0,)
(837.0,)
(1061.0,)
(964.0,)
(956.0,)
(926.0,)
(948.0,)
(978.0,)
(881.0,)
(973.0,)
(1080.0,)
(1067.0,)
(1073.0,)
(1033.0,)
(1021.0,)
(957.0,)
(789.0,)
(963.0,)
(892.0,)
(871.0,)
(918.0,)
(927.0,)
(1042.0,)
(1029.0,)
(923.0,)
(865.0,)
(791.0,)
(874.0,)
(943.0,)
(879.0,)
(1022.0,)
(908.0,)
(810.0,)
(942.0,)
(855.0,)
(1172.0,)
(1014.0,)
(906.0,)
(1094.0,)
(839.0,)
(1066.0,)
(935.0,)
(1149.0,)
(812.0,)
(781.0,)
(920.0,)
(993.0,)
(970.0,)
(888.0,)
(944.0,)
(983.0,)
(1060.0,)
(1145.0,)
(1158.0,)
(999.0,)
(961.0,)
(1020.0,)
(935.0,)
(1021.0,)
(1013.0,)
(1111.0,)
(992.0,)
(1058.0,)
(943.0,)
(1076.0,)
(854.0,)
(920.0,)
(910.0,)
(1161.0,)
(896.0,)
(891.0,)
(1152.0,)
(1109.0,)
(1005.0,)
(907.0,)
(994.0,)
(909.0,)
(889.0,)
(1033.0,)
(1176.0,)
(1049.0,)
(882.0,)
(770.0,)
(922.0,)
(832.0,)
(1086.0,)
(996.0,)
(867.0,)
(1051.0,)
(915.0,)
(872.0,)
(932.0,)
(1016.0,)
(1063.0,)
(745.0,)
(942.0,)
(1106.0,)
(843.0,)
(948.0,)
(1061.0,)
(1144.0,)
(918.0,)
(882.0,)
(969.0,)
(838.0,)
(847.0,)
(1006.0,)
(998.0,)
(1020.0,)
(1075.0,)
(742.0,)
(821.0,)
(1004.0,)
(805.0,)
(896.0,)
(948.0,)
(1228.0,)
(879.0,)
(946.0,)
(942.0,)
(1009.0,)
(960.0,)
(1086.0,)
(842.0,)
(995.0,)
(1050.0,)
(811.0,)
(1034.0,)
(916.0,)
(1043.0,)
(1034.0,)
(1064.0,)
(930.0,)
(933.0,)
(1103.0,)
(914.0,)
(933.0,)
(886.0,)
(1162.0,)
(918.0,)
(937.0,)
(1143.0,)
(893.0,)
(974.0,)
(1128.0,)
(1047.0,)
(894.0,)
(1227.0,)
(899.0,)
(888.0,)
(1088.0,)
(994.0,)
(882.0,)
(849.0,)
(914.0,)
(894.0,)
(815.0,)
(1124.0,)
(807.0,)
(861.0,)
(739.0,)
(909.0,)
(913.0,)
(1123.0,)
(972.0,)
(913.0,)
(998.0,)
(1151.0,)
(986.0,)
(895.0,)
(989.0,)
(1145.0,)
(971.0,)
(1061.0,)
(1015.0,)
(1186.0,)
(1038.0,)
(1080.0,)
(929.0,)
(910.0,)
(891.0,)
(950.0,)
(846.0,)
(968.0,)
(1004.0,)
(970.0,)
(836.0,)
(882.0,)
(866.0,)
(957.0,)
(937.0,)
(1052.0,)
(1122.0,)
(839.0,)
(1069.0,)
(860.0,)
(1071.0,)
(898.0,)
(928.0,)
(984.0,)
(1001.0,)
(959.0,)
(1050.0,)
(1096.0,)
(932.0,)
(965.0,)
(1148.0,)
(1018.0,)
(1161.0,)
(1023.0,)
(842.0,)
(1157.0,)
(1033.0,)
(936.0,)
(930.0,)
(959.0,)
(822.0,)
(919.0,)
(1079.0,)
(1039.0,)
(960.0,)
(1100.0,)
(973.0,)
(878.0,)
(956.0,)
(1038.0,)
(950.0,)
(921.0,)
(1061.0,)
(970.0,)
(1159.0,)
(1034.0,)
(852.0,)
(867.0,)
(1054.0,)
(930.0,)
(938.0,)
(899.0,)
(843.0,)
(1043.0,)
(876.0,)
(918.0,)
(893.0,)
(910.0,)
(1013.0,)
(972.0,)
(855.0,)
(874.0,)
(1155.0,)
(881.0,)
(848.0,)
(893.0,)
(1152.0,)
(1047.0,)
(998.0,)
(929.0,)
(902.0,)
(1118.0,)
(909.0,)
(856.0,)
(932.0,)
(910.0,)
(803.0,)
(833.0,)
(924.0,)
(984.0,)
(1102.0,)
(1040.0,)
(852.0,)
(1109.0,)
(962.0,)
(915.0,)
(1113.0,)
(950.0,)
(924.0,)
(1131.0,)
(984.0,)
(1039.0,)
(1001.0,)
(1028.0,)
(1060.0,)
(1093.0,)
(754.0,)
(992.0,)
(917.0,)
(1007.0,)
(1085.0,)
(920.0,)
(905.0,)
(1025.0,)
(1093.0,)
(846.0,)
(946.0,)
(880.0,)
(1040.0,)
(955.0,)
(1025.0,)
(1035.0,)
(897.0,)
(1040.0,)
(1180.0,)
(833.0,)
(890.0,)
(929.0,)
(1040.0,)
(890.0,)
(880.0,)
(916.0,)
(847.0,)
(1130.0,)
(1054.0,)
(1097.0,)
(1108.0,)
(1020.0,)
(950.0,)
(1003.0,)
(1099.0,)
(878.0,)
(881.0,)
(1045.0,)
(1081.0,)
(1081.0,)
(970.0,)
(957.0,)
(1056.0,)
(1060.0,)
(948.0,)
(940.0,)
(974.0,)
(868.0,)
(931.0,)
(903.0,)
(1031.0,)
(952.0,)
(1018.0,)
(1166.0,)
(1008.0,)
(1010.0,)
(873.0,)
(1212.0,)
(931.0,)
(1198.0,)
(896.0,)
(1187.0,)
(998.0,)
(944.0,)
(994.0,)
(1305.0,)
(919.0,)
(1050.0,)
(987.0,)
(939.0,)
(796.0,)
(853.0,)
(852.0,)
(1125.0,)
(997.0,)
(1091.0,)
(987.0,)
(915.0,)
(1070.0,)
(1027.0,)
(821.0,)
(1081.0,)
(1166.0,)
(1203.0,)
(1252.0,)
(1008.0,)
(1397.0,)
(1092.0,)
(1153.0,)
(987.0,)
(1315.0,)
(1103.0,)
(1025.0,)
(1471.0,)
(1427.0,)
(1019.0,)
(1160.0,)
(1314.0,)
(1101.0,)
(1346.0,)
(1216.0,)
(1244.0,)
(1243.0,)
(1073.0,)
(1311.0,)
(1276.0,)
(1083.0,)
(1283.0,)
(1185.0,)
(1078.0,)
(1383.0,)
(1293.0,)
(1525.0,)
(1076.0,)
(1371.0,)
(1245.0,)
(1246.0,)
(1113.0,)
(1171.0,)
(918.0,)
(979.0,)
(1335.0,)
(1504.0,)
(1079.0,)
(1272.0,)
(1234.0,)
(1220.0,)
(1375.0,)
(1120.0,)
(1142.0,)
(1349.0,)
(1339.0,)
(1014.0,)
(1167.0,)
(1064.0,)
(1196.0,)
(1041.0,)
(1199.0,)
(1347.0,)
(1359.0,)
(926.0,)
(1314.0,)
(1173.0,)
(1292.0,)
(1249.0,)
(1249.0,)
(1149.0,)
(1127.0,)
(1121.0,)
(1192.0,)
(1150.0,)
(1113.0,)
(1037.0,)
(1194.0,)
(1095.0,)
(992.0,)
(1135.0,)
(1238.0,)
(1175.0,)
(1055.0,)
(1194.0,)
(1090.0,)
(1243.0,)
(1031.0,)
(968.0,)
(997.0,)
(1199.0,)
(1245.0,)
(1121.0,)
(1218.0,)
(1019.0,)
(941.0,)
(1170.0,)
(965.0,)
(1329.0,)
(1145.0,)
(1183.0,)
(1137.0,)
(954.0,)
(1261.0,)
(1145.0,)
(1103.0,)
(1272.0,)
(1336.0,)
(1136.0,)
(1320.0,)
(1177.0,)
(1113.0,)
(1052.0,)
(1210.0,)
(1180.0,)
(1134.0,)
(1451.0,)
(1262.0,)
(1279.0,)
(1155.0,)
(1158.0,)
(1156.0,)
(1154.0,)
(1107.0,)
(1007.0,)
(1090.0,)
(1162.0,)
(1085.0,)
(1320.0,)
(1169.0,)
(1242.0,)
(1224.0,)
(1268.0,)
(1156.0,)
(1029.0,)
(1270.0,)
(922.0,)
(1280.0,)
(1080.0,)
(1166.0,)
(1079.0,)
(943.0,)
(1362.0,)
(1291.0,)
(1179.0,)
(1112.0,)
(1208.0,)
(1112.0,)
(1165.0,)
(1281.0,)
(1204.0,)
(1169.0,)
(1043.0,)
(1130.0,)
(979.0,)
(1102.0,)
(1232.0,)
(1093.0,)
(1097.0,)
(1062.0,)
(1296.0,)
(1077.0,)
(1096.0,)
(1127.0,)
(1166.0,)
(1022.0,)
(1068.0,)
(1151.0,)
(1152.0,)
(1422.0,)
(1221.0,)
(1029.0,)
(1188.0,)
(1285.0,)
(1029.0,)
(1356.0,)
(1079.0,)
(1114.0,)
(1343.0,)
(1231.0,)
(1200.0,)
(1138.0,)
(1224.0,)
(1116.0,)
(1118.0,)
(1004.0,)
(1086.0,)
(1090.0,)
(958.0,)
(1076.0,)
(1356.0,)
(1164.0,)
(1032.0,)
(1233.0,)
(1060.0,)
(1136.0,)
(1226.0,)
(969.0,)
(1118.0,)
(1103.0,)
(1156.0,)
(1145.0,)
(1347.0,)
(1217.0,)
(1200.0,)
(1143.0,)
(1295.0,)
(1072.0,)
(1185.0,)
(1146.0,)
(1179.0,)
(1141.0,)
(1153.0,)
(1214.0,)
(1232.0,)
(1190.0,)
(1274.0,)
(990.0,)
(926.0,)
(1193.0,)
(1244.0,)
(1217.0,)
(1313.0,)
(1301.0,)
(1220.0,)
(1081.0,)
(1030.0,)
(1188.0,)
(1238.0,)
(1150.0,)
(1102.0,)
(1204.0,)
(1045.0,)
(1259.0,)
(1131.0,)
(1061.0,)
(1132.0,)
(1097.0,)
(1348.0,)
(1130.0,)
(1226.0,)
(1104.0,)
(1025.0,)
(1271.0,)
(914.0,)
(1168.0,)
(1154.0,)
(1097.0,)
(1206.0,)
(1037.0,)
(961.0,)
(1414.0,)
(1128.0,)
(1045.0,)
(1273.0,)
(1156.0,)
(1454.0,)
(1110.0,)
(1265.0,)
(1157.0,)
(1113.0,)
(1156.0,)
(1241.0,)
(1201.0,)
(1232.0,)
(1210.0,)
(1136.0,)
(1274.0,)
(1122.0,)
(1322.0,)
(972.0,)
(1134.0,)
(1255.0,)
(1146.0,)
(1264.0,)
(1056.0,)
(1274.0,)
(1166.0,)
(1030.0,)
(1109.0,)
(1295.0,)
(1035.0,)
(1014.0,)
(1173.0,)
(1255.0,)
(1120.0,)
(1139.0,)
(1341.0,)
(984.0,)
(1126.0,)
(1219.0,)
(1160.0,)
(1215.0,)
(1187.0,)
(1184.0,)
(1261.0,)
(1333.0,)
(1171.0,)
(1107.0,)
(1192.0,)
(1263.0,)
(1080.0,)
(1108.0,)
(1379.0,)
(1192.0,)
(1206.0,)
(1190.0,)
(1269.0,)
(1273.0,)
(1055.0,)
(1369.0,)
(1138.0,)
(1195.0,)
(1052.0,)
(1193.0,)
(1053.0,)
(1285.0,)
(1208.0,)
(1159.0,)
(1281.0,)
(1216.0,)
(1327.0,)
(1208.0,)
(1124.0,)
(1051.0,)
(865.0,)
(898.0,)
(917.0,)
(1015.0,)
(882.0,)
(856.0,)
(1050.0,)
(1060.0,)
(813.0,)
(948.0,)
(838.0,)
(887.0,)
(1026.0,)
(881.0,)
(970.0,)
(942.0,)
(866.0,)
(890.0,)
(848.0,)
(823.0,)
(953.0,)
(803.0,)
(813.0,)
(875.0,)
(838.0,)
(1027.0,)
(891.0,)
(1037.0,)
(252.0,)
(451.0,)
(295.0,)
(455.0,)
(277.0,)
(491.0,)
(441.0,)
(254.0,)
(488.0,)
(357.0,)
(401.0,)
(408.0,)
(318.0,)
(355.0,)
(295.0,)
(311.0,)
(257.0,)
(348.0,)
(288.0,)
(290.0,)
(461.0,)
(362.0,)
(280.0,)
(347.0,)
(486.0,)
(441.0,)
(337.0,)
(472.0,)
(325.0,)
(277.0,)
(348.0,)
(343.0,)
(269.0,)
(468.0,)
(298.0,)
(377.0,)
(284.0,)
(279.0,)
(330.0,)
(460.0,)
(466.0,)
(468.0,)
(309.0,)
(471.0,)
(376.0,)
(457.0,)
(348.0,)
(591.0,)
(500.0,)
(568.0,)
(495.0,)
(607.0,)
(474.0,)
(589.0,)
(439.0,)
(512.0,)
(504.0,)
(2038.0,)
(1827.0,)
(1759.0,)
(2042.0,)
(2039.0,)
(1175.0,)
(1081.0,)
(972.0,)
(1099.0,)
(928.0,)
(1200.0,)
(1096.0,)
(415.0,)
(277.0,)
(430.0,)
(399.0,)
(917.0,)
(234.0,)
(208.0,)
(1542.0,)
(356.0,)
(342.0,)
(324.0,)
(442.0,)
(347.0,)
(321.0,)
(334.0,)
(342.0,)
(301.0,)
(336.0,)
(410.0,)
(361.0,)
(486.0,)
(365.0,)
(409.0,)
(377.0,)
(443.0,)
(366.0,)
(373.0,)
(462.0,)
(340.0,)
(400.0,)
(413.0,)
(314.0,)
(417.0,)
(341.0,)
(420.0,)
(340.0,)
(344.0,)
(315.0,)
(367.0,)
(357.0,)
(427.0,)
(338.0,)
(317.0,)
(307.0,)
(313.0,)
(340.0,)
(437.0,)
(337.0,)
(378.0,)
(340.0,)
(348.0,)
(384.0,)
(386.0,)
(340.0,)
(348.0,)
(386.0,)
(331.0,)
(427.0,)
(445.0,)
(357.0,)
(415.0,)
(346.0,)
(304.0,)
(370.0,)
(446.0,)
(401.0,)
(366.0,)
(383.0,)
(319.0,)
(455.0,)
(346.0,)
(415.0,)
(404.0,)
(341.0,)
(329.0,)
(343.0,)
(457.0,)
(418.0,)
(395.0,)
(407.0,)
(285.0,)
(391.0,)
(381.0,)
(412.0,)
(419.0,)
(446.0,)
(460.0,)
(336.0,)
(383.0,)
(375.0,)
(328.0,)
(363.0,)
(361.0,)
(419.0,)
(394.0,)
(423.0,)
(338.0,)
(402.0,)
(341.0,)
(509.0,)
(422.0,)
(339.0,)
(276.0,)
(429.0,)
(364.0,)
(422.0,)
(373.0,)
(383.0,)
(362.0,)
(383.0,)
(231.0,)
(370.0,)
(315.0,)
(412.0,)
(421.0,)
(358.0,)
(383.0,)
(350.0,)
(430.0,)
(424.0,)
(352.0,)
(355.0,)
(322.0,)
(430.0,)
(432.0,)
(392.0,)
(376.0,)
(402.0,)
(339.0,)
(365.0,)
(367.0,)
(336.0,)
(362.0,)
(325.0,)
(360.0,)
(418.0,)
(354.0,)
(382.0,)
(325.0,)
(390.0,)
(384.0,)
(405.0,)
(330.0,)
(354.0,)
(321.0,)
(357.0,)
(370.0,)
(384.0,)
(345.0,)
(351.0,)
(338.0,)
(365.0,)
(385.0,)
(379.0,)
(359.0,)
(310.0,)
(368.0,)
(405.0,)
(377.0,)
(394.0,)
(409.0,)
(305.0,)
(311.0,)
(383.0,)
(358.0,)
(329.0,)
(416.0,)
(398.0,)
(313.0,)
(280.0,)
(376.0,)
(436.0,)
(387.0,)
(323.0,)
(354.0,)
(341.0,)
(309.0,)
(446.0,)
(321.0,)
(376.0,)
(351.0,)
(361.0,)
(321.0,)
(397.0,)
(359.0,)
(366.0,)
(417.0,)
(379.0,)
(354.0,)
(344.0,)
(417.0,)
(389.0,)
(337.0,)
(343.0,)
(372.0,)
(408.0,)
(342.0,)
(304.0,)
(386.0,)
(324.0,)
(438.0,)
(341.0,)
(434.0,)
(390.0,)
(413.0,)
(365.0,)
(453.0,)
(360.0,)
(328.0,)
(480.0,)
(336.0,)
(323.0,)
(336.0,)
(420.0,)
(439.0,)
(425.0,)
(425.0,)
(396.0,)
(424.0,)
(457.0,)
(339.0,)
(376.0,)
(340.0,)
(338.0,)
(374.0,)
(404.0,)
(379.0,)
(361.0,)
(434.0,)
(496.0,)
(381.0,)
(417.0,)
(449.0,)
(402.0,)
(334.0,)
(495.0,)
(383.0,)
(330.0,)
(400.0,)
(306.0,)
(403.0,)
(365.0,)
(373.0,)
(445.0,)
(380.0,)
(419.0,)
(389.0,)
(317.0,)
(362.0,)
(309.0,)
(308.0,)
(354.0,)
(383.0,)
(367.0,)
(300.0,)
(410.0,)
(337.0,)
(366.0,)
(312.0,)
(365.0,)
(396.0,)
(385.0,)
(369.0,)
(380.0,)
(413.0,)
(454.0,)
(323.0,)
(327.0,)
(354.0,)
(349.0,)
(405.0,)
(369.0,)
(318.0,)
(317.0,)
(335.0,)
(355.0,)
(411.0,)
(321.0,)
(349.0,)
(363.0,)
(402.0,)
(289.0,)
(373.0,)
(328.0,)
(380.0,)
(414.0,)
(309.0,)
(456.0,)
(396.0,)
(335.0,)
(390.0,)
(340.0,)
(486.0,)
(462.0,)
(365.0,)
(349.0,)
(389.0,)
(378.0,)
(369.0,)
(434.0,)
(321.0,)
(422.0,)
(396.0,)
(339.0,)
(369.0,)
(409.0,)
(357.0,)
(313.0,)
(352.0,)
(360.0,)
(467.0,)
(452.0,)
(289.0,)
(337.0,)
(409.0,)
(350.0,)
(311.0,)
(386.0,)
(383.0,)
(313.0,)
(318.0,)
(488.0,)
(458.0,)
(319.0,)
(336.0,)
(396.0,)
(459.0,)
(344.0,)
(341.0,)
(325.0,)
(344.0,)
(365.0,)
(409.0,)
(344.0,)
(394.0,)
(411.0,)
(377.0,)
(371.0,)
(393.0,)
(342.0,)
(409.0,)
(408.0,)
(398.0,)
(441.0,)
(387.0,)
(390.0,)
(337.0,)
(376.0,)
(407.0,)
(407.0,)
(376.0,)
(353.0,)
(341.0,)
(367.0,)
(317.0,)
(437.0,)
(313.0,)
(341.0,)
(385.0,)
(335.0,)
(445.0,)
(342.0,)
(410.0,)
(453.0,)
(350.0,)
(360.0,)
(339.0,)
(299.0,)
(401.0,)
(350.0,)
(368.0,)
(390.0,)
(398.0,)
(377.0,)
(431.0,)
(352.0,)
(363.0,)
(342.0,)
(391.0,)
(388.0,)
(315.0,)
(378.0,)
(348.0,)
(354.0,)
(390.0,)
(322.0,)
(359.0,)
(304.0,)
(439.0,)
(359.0,)
(488.0,)
(341.0,)
(326.0,)
(373.0,)
(446.0,)
(346.0,)
(332.0,)
(408.0,)
(390.0,)
(411.0,)
(402.0,)
(340.0,)
(406.0,)
(338.0,)
(473.0,)
(327.0,)
(381.0,)
(377.0,)
(352.0,)
(342.0,)
(273.0,)
(341.0,)
(354.0,)
(334.0,)
(212.0,)
(312.0,)
(379.0,)
(367.0,)
(304.0,)
(306.0,)
(359.0,)
(350.0,)
(422.0,)
(363.0,)
(377.0,)
(363.0,)
(366.0,)
(372.0,)
(397.0,)
(388.0,)
(397.0,)
(355.0,)
(347.0,)
(287.0,)
(303.0,)
(304.0,)
(434.0,)
(423.0,)
(322.0,)
(324.0,)
(320.0,)
(412.0,)
(350.0,)
(341.0,)
(339.0,)
(345.0,)
(455.0,)
(383.0,)
(322.0,)
(414.0,)
(328.0,)
(354.0,)
(374.0,)
(436.0,)
(441.0,)
(407.0,)
(488.0,)
(291.0,)
(359.0,)
(396.0,)
(344.0,)
(443.0,)
(355.0,)
(307.0,)
(354.0,)
(355.0,)
(402.0,)
(360.0,)
(500.0,)
(393.0,)
(338.0,)
(368.0,)
(354.0,)
(397.0,)
(465.0,)
(393.0,)
(206.0,)
(381.0,)
(368.0,)
(403.0,)
(448.0,)
(465.0,)
(422.0,)
(413.0,)
(268.0,)
(389.0,)
(373.0,)
(428.0,)
(317.0,)
(357.0,)
(457.0,)
(399.0,)
(365.0,)
(369.0,)
(358.0,)
(315.0,)
(410.0,)
(364.0,)
(392.0,)
(386.0,)
(400.0,)
(368.0,)
(373.0,)
(349.0,)
(363.0,)
(389.0,)
(370.0,)
(359.0,)
(354.0,)
(322.0,)
(371.0,)
(359.0,)
(471.0,)
(372.0,)
(322.0,)
(305.0,)
(382.0,)
(286.0,)
(300.0,)
(415.0,)
(449.0,)
(365.0,)
(356.0,)
(339.0,)
(393.0,)
(328.0,)
(365.0,)
(378.0,)
(392.0,)
(426.0,)
(334.0,)
(414.0,)
(335.0,)
(417.0,)
(355.0,)
(323.0,)
(309.0,)
(305.0,)
(356.0,)
(407.0,)
(354.0,)
(352.0,)
(404.0,)
(385.0,)
(305.0,)
(402.0,)
(411.0,)
(334.0,)
(363.0,)
(442.0,)
(397.0,)
(315.0,)
(343.0,)
(374.0,)
(304.0,)
(355.0,)
(342.0,)
(325.0,)
(464.0,)
(434.0,)
(334.0,)
(422.0,)
(376.0,)
(416.0,)
(369.0,)
(412.0,)
(381.0,)
(334.0,)
(360.0,)
(349.0,)
(410.0,)
(338.0,)
(330.0,)
(359.0,)
(350.0,)
(401.0,)
(381.0,)
(353.0,)
(382.0,)
(382.0,)
(382.0,)
(364.0,)
(384.0,)
(401.0,)
(327.0,)
(369.0,)
(382.0,)
(323.0,)
(376.0,)
(312.0,)
(345.0,)
(391.0,)
(417.0,)
(452.0,)
(355.0,)
(378.0,)
(367.0,)
(334.0,)
(350.0,)
(325.0,)
(416.0,)
(341.0,)
(377.0,)
(428.0,)
(339.0,)
(412.0,)
(315.0,)
(311.0,)
(369.0,)
(477.0,)
(381.0,)
(336.0,)
(349.0,)
(445.0,)
(404.0,)
(368.0,)
(350.0,)
(373.0,)
(413.0,)
(375.0,)
(318.0,)
(372.0,)
(384.0,)
(502.0,)
(309.0,)
(319.0,)
(376.0,)
(342.0,)
(323.0,)
(346.0,)
(424.0,)
(372.0,)
(358.0,)
(349.0,)
(339.0,)
(398.0,)
(417.0,)
(389.0,)
(374.0,)
(362.0,)
(433.0,)
(323.0,)
(325.0,)
(372.0,)
(340.0,)
(334.0,)
(308.0,)
(388.0,)
(398.0,)
(377.0,)
(413.0,)
(452.0,)
(396.0,)
(382.0,)
(399.0,)
(366.0,)
(369.0,)
(346.0,)
(411.0,)
(425.0,)
(395.0,)
(336.0,)
(388.0,)
(381.0,)
(355.0,)
(355.0,)
(380.0,)
(369.0,)
(429.0,)
(387.0,)
(350.0,)
(329.0,)
(391.0,)
(364.0,)
(386.0,)
(396.0,)
(480.0,)
(312.0,)
(377.0,)
(390.0,)
(471.0,)
(398.0,)
(336.0,)
(409.0,)
(365.0,)
(390.0,)
(302.0,)
(382.0,)
(427.0,)
(387.0,)
(393.0,)
(370.0,)
(395.0,)
(391.0,)
(327.0,)
(337.0,)
(362.0,)
(417.0,)
(363.0,)
(342.0,)
(275.0,)
(389.0,)
(423.0,)
(412.0,)
(382.0,)
(379.0,)
(364.0,)
(382.0,)
(371.0,)
(418.0,)
(398.0,)
(373.0,)
(288.0,)
(371.0,)
(330.0,)
(430.0,)
(383.0,)
(429.0,)
(403.0,)
(338.0,)
(418.0,)
(388.0,)
(311.0,)
(358.0,)
(339.0,)
(331.0,)
(375.0,)
(402.0,)
(384.0,)
(347.0,)
(332.0,)
(404.0,)
(419.0,)
(332.0,)
(355.0,)
(392.0,)
(420.0,)
(378.0,)
(360.0,)
(336.0,)
(406.0,)
(351.0,)
(411.0,)
(323.0,)
(328.0,)
(382.0,)
(399.0,)
(390.0,)
(374.0,)
(408.0,)
(457.0,)
(334.0,)
(331.0,)
(365.0,)
(391.0,)
(416.0,)
(456.0,)
(387.0,)
(378.0,)
(380.0,)
(321.0,)
(403.0,)
(353.0,)
(373.0,)
(349.0,)
(365.0,)
(345.0,)
(369.0,)
(390.0,)
(406.0,)
(325.0,)
(398.0,)
(353.0,)
(393.0,)
(341.0,)
(328.0,)
(359.0,)
(301.0,)
(391.0,)
(336.0,)
(320.0,)
(389.0,)
(899.0,)
(1154.0,)
(821.0,)
(866.0,)
(715.0,)
(725.0,)
(804.0,)
(833.0,)
(925.0,)
(1275.0,)
(656.0,)
(1040.0,)
(734.0,)
(713.0,)
(940.0,)
(745.0,)
(785.0,)
(1018.0,)
(1180.0,)
(825.0,)
(989.0,)
(948.0,)
(977.0,)
(746.0,)
(1008.0,)
(781.0,)
(870.0,)
(662.0,)
(1412.0,)
(871.0,)
(1034.0,)
(839.0,)
(904.0,)
(843.0,)
(907.0,)
(681.0,)
(1127.0,)
(978.0,)
(902.0,)
(952.0,)
(793.0,)
(886.0,)
(883.0,)
(833.0,)
(939.0,)
(752.0,)
(1035.0,)
(1098.0,)
(914.0,)
(730.0,)
(913.0,)
(888.0,)
(749.0,)
(1166.0,)
(903.0,)
(910.0,)
(751.0,)
(802.0,)
(1235.0,)
(841.0,)
(941.0,)
(851.0,)
(868.0,)
(965.0,)
(902.0,)
(705.0,)
(936.0,)
(784.0,)
(808.0,)
(948.0,)
(959.0,)
(977.0,)
(742.0,)
(938.0,)
(708.0,)
(710.0,)
(1136.0,)
(778.0,)
(1106.0,)
(979.0,)
(814.0,)
(925.0,)
(951.0,)
(842.0,)
(1190.0,)
(851.0,)
(974.0,)
(715.0,)
(830.0,)
(993.0,)
(661.0,)
(892.0,)
(737.0,)
(1183.0,)
(1108.0,)
(1078.0,)
(908.0,)
(1282.0,)
(760.0,)
(888.0,)
(780.0,)
(998.0,)
(732.0,)
(905.0,)
(1042.0,)
(817.0,)
(927.0,)
(927.0,)
(773.0,)
(1067.0,)
(893.0,)
(901.0,)
(853.0,)
(800.0,)
(718.0,)
(947.0,)
(742.0,)
(1005.0,)
(779.0,)
(1021.0,)
(946.0,)
(799.0,)
(832.0,)
(728.0,)
(864.0,)
(982.0,)
(958.0,)
(617.0,)
(1013.0,)
(1176.0,)
(844.0,)
(830.0,)
(782.0,)
(696.0,)
(725.0,)
(1186.0,)
(684.0,)
(851.0,)
(811.0,)
(923.0,)
(817.0,)
(796.0,)
(826.0,)
(758.0,)
(1140.0,)
(948.0,)
(1109.0,)
(1046.0,)
(792.0,)
(1051.0,)
(825.0,)
(790.0,)
(754.0,)
(1052.0,)
(1359.0,)
(800.0,)
(872.0,)
(1122.0,)
(903.0,)
(832.0,)
(772.0,)
(963.0,)
(704.0,)
(603.0,)
(939.0,)
(768.0,)
(658.0,)
(988.0,)
(608.0,)
(685.0,)
(788.0,)
(984.0,)
(943.0,)
(952.0,)
(937.0,)
(1099.0,)
(1017.0,)
(658.0,)
(882.0,)
(963.0,)
(701.0,)
(889.0,)
(700.0,)
(1033.0,)
(898.0,)
(823.0,)
(775.0,)
(957.0,)
(831.0,)
(818.0,)
(889.0,)
(928.0,)
(740.0,)
(1054.0,)
(764.0,)
(816.0,)
(1060.0,)
(693.0,)
(774.0,)
(1004.0,)
(793.0,)
(876.0,)
(731.0,)
(892.0,)
(919.0,)
(956.0,)
(926.0,)
(980.0,)
(847.0,)
(791.0,)
(1018.0,)
(969.0,)
(1015.0,)
(882.0,)
(972.0,)
(958.0,)
(689.0,)
(1030.0,)
(921.0,)
(902.0,)
(1114.0,)
(934.0,)
(701.0,)
(750.0,)
(1037.0,)
(773.0,)
(1225.0,)
(850.0,)
(952.0,)
(872.0,)
(783.0,)
(1138.0,)
(775.0,)
(916.0,)
(741.0,)
(847.0,)
(762.0,)
(1178.0,)
(667.0,)
(669.0,)
(913.0,)
(981.0,)
(778.0,)
(951.0,)
(1025.0,)
(608.0,)
(812.0,)
(1024.0,)
(874.0,)
(921.0,)
(770.0,)
(833.0,)
(1007.0,)
(754.0,)
(1042.0,)
(761.0,)
(733.0,)
(802.0,)
(900.0,)
(893.0,)
(744.0,)
(759.0,)
(819.0,)
(1000.0,)
(947.0,)
(518.0,)
(925.0,)
(954.0,)
(769.0,)
(737.0,)
(1315.0,)
(758.0,)
(884.0,)
(846.0,)
(771.0,)
(885.0,)
(950.0,)
(1068.0,)
(918.0,)
(860.0,)
(757.0,)
(1067.0,)
(715.0,)
(1035.0,)
(776.0,)
(1005.0,)
(1052.0,)
(727.0,)
(1032.0,)
(723.0,)
(848.0,)
(993.0,)
(850.0,)
(695.0,)
(1129.0,)
(1304.0,)
(720.0,)
(1115.0,)
(832.0,)
(1062.0,)
(723.0,)
(664.0,)
(750.0,)
(927.0,)
(840.0,)
(768.0,)
(678.0,)
(608.0,)
(972.0,)
(810.0,)
(813.0,)
(841.0,)
(609.0,)
(1013.0,)
(928.0,)
(1043.0,)
(613.0,)
(1068.0,)
(877.0,)
(865.0,)
(749.0,)
(860.0,)
(1032.0,)
(854.0,)
(951.0,)
(924.0,)
(917.0,)
(863.0,)
(791.0,)
(976.0,)
(1202.0,)
(727.0,)
(727.0,)
(928.0,)
(928.0,)
(788.0,)
(521.0,)
(825.0,)
(987.0,)
(743.0,)
(886.0,)
(801.0,)
(796.0,)
(841.0,)
(1059.0,)
(929.0,)
(1029.0,)
(929.0,)
(914.0,)
(1147.0,)
(991.0,)
(830.0,)
(1068.0,)
(1205.0,)
(772.0,)
(855.0,)
(1023.0,)
(861.0,)
(1039.0,)
(837.0,)
(964.0,)
(988.0,)
(883.0,)
(967.0,)
(923.0,)
(861.0,)
(837.0,)
(1098.0,)
(734.0,)
(886.0,)
(810.0,)
(820.0,)
(797.0,)
(877.0,)
(854.0,)
(774.0,)
(929.0,)
(787.0,)
(1070.0,)
(791.0,)
(966.0,)
(1009.0,)
(926.0,)
(797.0,)
(962.0,)
(879.0,)
(729.0,)
(952.0,)
(790.0,)
(675.0,)
(745.0,)
(900.0,)
(1210.0,)
(882.0,)
(970.0,)
(819.0,)
(758.0,)
(810.0,)
(904.0,)
(790.0,)
(892.0,)
(728.0,)
(1110.0,)
(792.0,)
(849.0,)
(804.0,)
(648.0,)
(861.0,)
(841.0,)
(1133.0,)
(675.0,)
(883.0,)
(806.0,)
(691.0,)
(1027.0,)
(1054.0,)
(997.0,)
(882.0,)
(802.0,)
(1237.0,)
(914.0,)
(937.0,)
(828.0,)
(946.0,)
(686.0,)
(726.0,)
(792.0,)
(984.0,)
(859.0,)
(874.0,)
(738.0,)
(821.0,)
(1141.0,)
(971.0,)
(826.0,)
(711.0,)
(956.0,)
(1012.0,)
(923.0,)
(825.0,)
(835.0,)
(964.0,)
(1364.0,)
(957.0,)
(1037.0,)
(823.0,)
(1151.0,)
(961.0,)
(946.0,)
(808.0,)
(936.0,)
(639.0,)
(901.0,)
(946.0,)
(976.0,)
(1048.0,)
(734.0,)
(954.0,)
(989.0,)
(1131.0,)
(935.0,)
(1568.0,)
(1063.0,)
(790.0,)
(881.0,)
(574.0,)
(867.0,)
(996.0,)
(627.0,)
(1050.0,)
(808.0,)
(788.0,)
(863.0,)
(861.0,)
(999.0,)
(1105.0,)
(984.0,)
(920.0,)
(642.0,)
(958.0,)
(803.0,)
(857.0,)
(696.0,)
(705.0,)
(775.0,)
(793.0,)
(947.0,)
(862.0,)
(1057.0,)
(703.0,)
(1093.0,)
(1152.0,)
(535.0,)
(1076.0,)
(842.0,)
(790.0,)
(622.0,)
(942.0,)
(864.0,)
(937.0,)
(1092.0,)
(734.0,)
(878.0,)
(614.0,)
(1097.0,)
(963.0,)
(805.0,)
(944.0,)
(867.0,)
(1059.0,)
(851.0,)
(803.0,)
(987.0,)
(667.0,)
(814.0,)
(934.0,)
(776.0,)
(1010.0,)
(993.0,)
(562.0,)
(793.0,)
(904.0,)
(830.0,)
(867.0,)
(827.0,)
(838.0,)
(923.0,)
(1079.0,)
(1063.0,)
(737.0,)
(835.0,)
(973.0,)
(924.0,)
(737.0,)
(871.0,)
(918.0,)
(838.0,)
(1036.0,)
(879.0,)
(1030.0,)
(748.0,)
(751.0,)
(806.0,)
(1012.0,)
(700.0,)
(765.0,)
(1056.0,)
(831.0,)
(863.0,)
(1023.0,)
(1114.0,)
(708.0,)
(631.0,)
(804.0,)
(1066.0,)
(724.0,)
(1013.0,)
(834.0,)
(834.0,)
(875.0,)
(1006.0,)
(1107.0,)
(874.0,)
(1052.0,)
(778.0,)
(953.0,)
(867.0,)
(809.0,)
(1000.0,)
(1277.0,)
(1085.0,)
(686.0,)
(729.0,)
(914.0,)
(919.0,)
(721.0,)
(722.0,)
(1034.0,)
(1252.0,)
(931.0,)
(1106.0,)
(822.0,)
(747.0,)
(809.0,)
(908.0,)
(769.0,)
(1009.0,)
(958.0,)
(736.0,)
(841.0,)
(809.0,)
(676.0,)
(923.0,)
(780.0,)
(697.0,)
(1146.0,)
(794.0,)
(811.0,)
(654.0,)
(1100.0,)
(937.0,)
(856.0,)
(917.0,)
(826.0,)
(1230.0,)
(706.0,)
(1112.0,)
(780.0,)
(1009.0,)
(1103.0,)
(811.0,)
(912.0,)
(888.0,)
(760.0,)
(786.0,)
(708.0,)
(963.0,)
(753.0,)
(918.0,)
(946.0,)
(705.0,)
(756.0,)
(913.0,)
(1066.0,)
(754.0,)
(1126.0,)
(768.0,)
(743.0,)
(645.0,)
(1167.0,)
(727.0,)
(876.0,)
(760.0,)
(766.0,)
(814.0,)
(1082.0,)
(1001.0,)
(710.0,)
(633.0,)
(662.0,)
(988.0,)
(1046.0,)
(564.0,)
(713.0,)
(1035.0,)
(843.0,)
(1151.0,)
(784.0,)
(923.0,)
(729.0,)
(1140.0,)
(1005.0,)
(996.0,)
(1041.0,)
(885.0,)
(830.0,)
(777.0,)
(1223.0,)
(822.0,)
(665.0,)
(840.0,)
(1095.0,)
(867.0,)
(805.0,)
(708.0,)
(945.0,)
(1034.0,)
(683.0,)
(878.0,)
(844.0,)
(1019.0,)
(749.0,)
(1021.0,)
(878.0,)
(753.0,)
(896.0,)
(941.0,)
(1201.0,)
(852.0,)
(931.0,)
(1036.0,)
(794.0,)
(839.0,)
(682.0,)
(854.0,)
(884.0,)
(962.0,)
(865.0,)
(713.0,)
(959.0,)
(783.0,)
(967.0,)
(776.0,)
(890.0,)
(967.0,)
(1096.0,)
(722.0,)
(773.0,)
(737.0,)
(702.0,)
(565.0,)
(1000.0,)
(901.0,)
(835.0,)
(695.0,)
(932.0,)
(821.0,)
(911.0,)
(869.0,)
(939.0,)
(1024.0,)
(834.0,)
(640.0,)
(1061.0,)
(837.0,)
(956.0,)
(1088.0,)
(752.0,)
(1038.0,)
(897.0,)
(969.0,)
(740.0,)
(989.0,)
(886.0,)
(931.0,)
(1051.0,)
(807.0,)
(785.0,)
(1232.0,)
(831.0,)
(986.0,)
(825.0,)
(836.0,)
(754.0,)
(938.0,)
(952.0,)
(990.0,)
(991.0,)
(898.0,)
(1332.0,)
(1098.0,)
(797.0,)
(766.0,)
(874.0,)
(903.0,)
(715.0,)
(679.0,)
(967.0,)
(790.0,)
(775.0,)
(865.0,)
(1033.0,)
(939.0,)
(949.0,)
(864.0,)
(1098.0,)
(688.0,)
(1234.0,)
(983.0,)
(859.0,)
(782.0,)
(828.0,)
(1018.0,)
(941.0,)
(905.0,)
(705.0,)
(1102.0,)
(642.0,)
(779.0,)
(887.0,)
(979.0,)
(1084.0,)
(788.0,)
(579.0,)
(651.0,)
(1035.0,)
(1064.0,)
(994.0,)
(958.0,)
(976.0,)
(796.0,)
(787.0,)
(1101.0,)
(1087.0,)
(752.0,)
(630.0,)
(734.0,)
(1105.0,)
(807.0,)
(705.0,)
(977.0,)
(796.0,)
(761.0,)
(932.0,)
(899.0,)
(693.0,)
(1025.0,)
(778.0,)
(1046.0,)
(816.0,)
(801.0,)
(857.0,)
(807.0,)
(966.0,)
(705.0,)
(863.0,)
(888.0,)
(1318.0,)
(914.0,)
(814.0,)
(739.0,)
(842.0,)
(921.0,)
(802.0,)
(1123.0,)
(852.0,)
(906.0,)
(717.0,)
(1016.0,)
(700.0,)
(980.0,)
(788.0,)
(963.0,)
(726.0,)
(924.0,)
(797.0,)
(713.0,)
(791.0,)
(752.0,)
(798.0,)
(949.0,)
(883.0,)
(631.0,)
(904.0,)
(909.0,)
(1025.0,)
(873.0,)
(615.0,)
(856.0,)
(854.0,)
(856.0,)
(1016.0,)
(789.0,)
(754.0,)
(1105.0,)
(917.0,)
(737.0,)
(779.0,)
(574.0,)
(1035.0,)
(1184.0,)
(679.0,)
(895.0,)
(1214.0,)
(806.0,)
(641.0,)
(847.0,)
(894.0,)
(960.0,)
(738.0,)
(631.0,)
(913.0,)
(846.0,)
(898.0,)
(933.0,)
(857.0,)
(1035.0,)
(941.0,)
(1062.0,)
(843.0,)
(671.0,)
(811.0,)
(725.0,)
(805.0,)
(656.0,)
(850.0,)
(898.0,)
(949.0,)
(773.0,)
(745.0,)
(733.0,)
(780.0,)
(869.0,)
(740.0,)
(886.0,)
(847.0,)
(690.0,)
(761.0,)
(782.0,)
(959.0,)
(789.0,)
(773.0,)
(925.0,)
(658.0,)
(960.0,)
(872.0,)
(962.0,)
(572.0,)
(643.0,)
(837.0,)
(913.0,)
(847.0,)
(845.0,)
(858.0,)
(896.0,)
(1244.0,)
(1222.0,)
(1129.0,)
(774.0,)
(895.0,)
(953.0,)
(770.0,)
(861.0,)
(832.0,)
(966.0,)
(900.0,)
(1143.0,)
(845.0,)
(928.0,)
(716.0,)
(860.0,)
(828.0,)
(1075.0,)
(813.0,)
(742.0,)
(1070.0,)
(1173.0,)
(802.0,)
(855.0,)
(879.0,)
(724.0,)
(783.0,)
(872.0,)
(1101.0,)
(938.0,)
(809.0,)
(599.0,)
(860.0,)
(668.0,)
(1164.0,)
(903.0,)
(724.0,)
(977.0,)
(882.0,)
(703.0,)
(775.0,)
(1001.0,)
(1013.0,)
(680.0,)
(934.0,)
(951.0,)
(778.0,)
(980.0,)
(1062.0,)
(1162.0,)
(846.0,)
(582.0,)
(942.0,)
(768.0,)
(657.0,)
(998.0,)
(906.0,)
(1023.0,)
(998.0,)
(771.0,)
(686.0,)
(910.0,)
(769.0,)
(767.0,)
(841.0,)
(1176.0,)
(731.0,)
(825.0,)
(709.0,)
(895.0,)
(816.0,)
(1069.0,)
(614.0,)
(874.0,)
(969.0,)
(755.0,)
(780.0,)
(730.0,)
(1084.0,)
(1065.0,)
(1047.0,)
(679.0,)
(870.0,)
(1172.0,)
(924.0,)
(731.0,)
(809.0,)
(1116.0,)
(821.0,)
(898.0,)
(981.0,)
(714.0,)
(911.0,)
(1050.0,)
(955.0,)
(789.0,)
(1097.0,)
(611.0,)
(763.0,)
(985.0,)
(884.0,)
(850.0,)
(786.0,)
(791.0,)
(764.0,)
(812.0,)
(1114.0,)
(685.0,)
(736.0,)
(622.0,)
(869.0,)
(1010.0,)
(1129.0,)
(885.0,)
(814.0,)
(890.0,)
(1068.0,)
(862.0,)
(718.0,)
(832.0,)
(960.0,)
(867.0,)
(1033.0,)
(1010.0,)
(949.0,)
(913.0,)
(858.0,)
(878.0,)
(824.0,)
(715.0,)
(839.0,)
(656.0,)
(831.0,)
(837.0,)
(883.0,)
(801.0,)
(801.0,)
(722.0,)
(915.0,)
(815.0,)
(927.0,)
(1119.0,)
(576.0,)
(960.0,)
(809.0,)
(999.0,)
(760.0,)
(756.0,)
(834.0,)
(943.0,)
(839.0,)
(788.0,)
(1004.0,)
(755.0,)
(904.0,)
(1066.0,)
(951.0,)
(1080.0,)
(962.0,)
(761.0,)
(1154.0,)
(898.0,)
(881.0,)
(721.0,)
(905.0,)
(727.0,)
(849.0,)
(1143.0,)
(994.0,)
(926.0,)
(1025.0,)
(851.0,)
(745.0,)
(789.0,)
(1071.0,)
(846.0,)
(784.0,)
(918.0,)
(941.0,)
(1206.0,)
(968.0,)
(757.0,)
(843.0,)
(888.0,)
(871.0,)
(747.0,)
(763.0,)
(647.0,)
(1026.0,)
(665.0,)
(778.0,)
(720.0,)
(1038.0,)
(843.0,)
(1033.0,)
(739.0,)
(653.0,)
(1128.0,)
(670.0,)
(698.0,)
(688.0,)
(1116.0,)
(936.0,)
(817.0,)
(963.0,)
(819.0,)
(1066.0,)
(820.0,)
(783.0,)
(771.0,)
(887.0,)
(569.0,)
(811.0,)
(869.0,)
(893.0,)
(1015.0,)
(952.0,)
(766.0,)
(1024.0,)
(947.0,)
(800.0,)
(1187.0,)
(910.0,)
(713.0,)
(1046.0,)
(785.0,)
(1033.0,)
(852.0,)
(930.0,)
(1045.0,)
(895.0,)
(646.0,)
(882.0,)
(865.0,)
(822.0,)
(1115.0,)
(860.0,)
(812.0,)
(1129.0,)
(1154.0,)
(708.0,)
(880.0,)
(593.0,)
(1008.0,)
(716.0,)
(951.0,)
(850.0,)
(838.0,)
(1004.0,)
(1104.0,)
(733.0,)
(836.0,)
(894.0,)
(883.0,)
(686.0,)
(828.0,)
(880.0,)
(739.0,)
(956.0,)
(1094.0,)
(1007.0,)
(979.0,)
(784.0,)
(832.0,)
(957.0,)
(1017.0,)
(632.0,)
(764.0,)
(855.0,)
(998.0,)
(1034.0,)
(945.0,)
(853.0,)
(979.0,)
(951.0,)
(878.0,)
(810.0,)
(750.0,)
(797.0,)
(836.0,)
(903.0,)
(889.0,)
(921.0,)
(885.0,)
(1012.0,)
(1013.0,)
(841.0,)
(810.0,)
(1068.0,)
(894.0,)
(1190.0,)
(968.0,)
(988.0,)
(872.0,)
(814.0,)
(899.0,)
(1405.0,)
(747.0,)
(956.0,)
(758.0,)
(834.0,)
(647.0,)
(805.0,)
(851.0,)
(1045.0,)
(782.0,)
(982.0,)
(1019.0,)
(855.0,)
(1152.0,)
(962.0,)
(720.0,)
(1144.0,)
(2037.0,)
(2006.0,)
(2035.0,)
(1760.0,)
(2041.0,)
(1974.0,)
(1894.0,)
(1652.0,)
(2045.0,)
(1879.0,)
(1568.0,)
(2038.0,)
(2041.0,)
(1828.0,)
(1983.0,)
(2045.0,)
(1855.0,)
(2033.0,)
(2041.0,)
(2046.0,)
(1653.0,)
(2037.0,)
(2036.0,)
(2040.0,)
(1705.0,)
(2034.0,)
(1995.0,)
(2032.0,)
(2033.0,)
(2033.0,)
(2035.0,)
(1677.0,)
(2043.0,)
(2035.0,)
(2037.0,)
(1881.0,)
(2022.0,)
(1553.0,)
(1596.0,)
(2034.0,)
(1919.0,)
(1661.0,)
(2037.0,)
(2036.0,)
(2043.0,)
(2046.0,)
(2043.0,)
(2035.0,)
(2033.0,)
(2045.0,)
(1927.0,)
(2036.0,)
(1828.0,)
(1796.0,)
(1844.0,)
(1987.0,)
(2039.0,)
(2042.0,)
(1489.0,)
(2040.0,)
(2037.0,)
(2042.0,)
(2036.0,)
(516.0,)
(630.0,)
(577.0,)
(481.0,)
(612.0,)
(571.0,)
(635.0,)
(539.0,)
(564.0,)
(475.0,)
(459.0,)
(654.0,)
(626.0,)
(554.0,)
(532.0,)
(526.0,)
(573.0,)
(597.0,)
(543.0,)
(532.0,)
(461.0,)
(592.0,)
(580.0,)
(548.0,)
(681.0,)
(476.0,)
(530.0,)
(506.0,)
(479.0,)
(1011.0,)
(438.0,)
(575.0,)
(537.0,)
(543.0,)
(941.0,)
(563.0,)
(612.0,)
(404.0,)
(546.0,)
(558.0,)
(685.0,)
(671.0,)
(544.0,)
(541.0,)
(683.0,)
(581.0,)
(542.0,)
(533.0,)
(646.0,)
(565.0,)
(592.0,)
(569.0,)
(573.0,)
(563.0,)
(582.0,)
(504.0,)
(570.0,)
(593.0,)
(534.0,)
(610.0,)
(634.0,)
(548.0,)
(602.0,)
(419.0,)
(609.0,)
(540.0,)
(813.0,)
(501.0,)
(582.0,)
(523.0,)
(572.0,)
(511.0,)
(527.0,)
(736.0,)
(541.0,)
(573.0,)
(579.0,)
(594.0,)
(506.0,)
(591.0,)
(512.0,)
(578.0,)
(615.0,)
(496.0,)
(566.0,)
(619.0,)
(761.0,)
(684.0,)
(551.0,)
(559.0,)
(626.0,)
(581.0,)
(638.0,)
(593.0,)
(538.0,)
(514.0,)
(569.0,)
(453.0,)
(600.0,)
(843.0,)
(503.0,)
(536.0,)
(570.0,)
(549.0,)
(590.0,)
(590.0,)
(649.0,)
(532.0,)
(503.0,)
(582.0,)
(599.0,)
(406.0,)
(513.0,)
(618.0,)
(588.0,)
(607.0,)
(515.0,)
(526.0,)
(559.0,)
(508.0,)
(547.0,)
(631.0,)
(667.0,)
(599.0,)
(681.0,)
(461.0,)
(556.0,)
(451.0,)
(419.0,)
(581.0,)
(558.0,)
(449.0,)
(638.0,)
(612.0,)
(439.0,)
(609.0,)
(656.0,)
(521.0,)
(599.0,)
(676.0,)
(572.0,)
(565.0,)
(548.0,)
(605.0,)
(633.0,)
(718.0,)
(552.0,)
(619.0,)
(528.0,)
(471.0,)
(549.0,)
(582.0,)
(543.0,)
(677.0,)
(488.0,)
(599.0,)
(494.0,)
(585.0,)
(565.0,)
(528.0,)
(636.0,)
(472.0,)
(559.0,)
(433.0,)
(955.0,)
(557.0,)
(588.0,)
(476.0,)
(527.0,)
(410.0,)
(544.0,)
(575.0,)
(618.0,)
(481.0,)
(622.0,)
(509.0,)
(580.0,)
(617.0,)
(580.0,)
(621.0,)
(634.0,)
(440.0,)
(494.0,)
(529.0,)
(505.0,)
(594.0,)
(673.0,)
(908.0,)
(529.0,)
(629.0,)
(553.0,)
(530.0,)
(570.0,)
(559.0,)
(512.0,)
(645.0,)
(535.0,)
(620.0,)
(516.0,)
(587.0,)
(614.0,)
(455.0,)
(521.0,)
(694.0,)
(587.0,)
(589.0,)
(597.0,)
(618.0,)
(539.0,)
(459.0,)
(497.0,)
(707.0,)
(501.0,)
(596.0,)
(579.0,)
(778.0,)
(561.0,)
(542.0,)
(566.0,)
(531.0,)
(668.0,)
(607.0,)
(739.0,)
(636.0,)
(622.0,)
(563.0,)
(645.0,)
(537.0,)
(594.0,)
(597.0,)
(520.0,)
(652.0,)
(527.0,)
(585.0,)
(564.0,)
(523.0,)
(822.0,)
(581.0,)
(640.0,)
(627.0,)
(522.0,)
(638.0,)
(608.0,)
(557.0,)
(494.0,)
(502.0,)
(564.0,)
(568.0,)
(627.0,)
(513.0,)
(588.0,)
(846.0,)
(705.0,)
(576.0,)
(604.0,)
(732.0,)
(418.0,)
(443.0,)
(423.0,)
(701.0,)
(493.0,)
(456.0,)
(751.0,)
(406.0,)
(494.0,)
(363.0,)
(415.0,)
(365.0,)
(720.0,)
(407.0,)
(614.0,)
(433.0,)
(393.0,)
(471.0,)
(420.0,)
(433.0,)
(404.0,)
(471.0,)
(465.0,)
(416.0,)
(473.0,)
(413.0,)
(478.0,)
(726.0,)
(283.0,)
(403.0,)
(225.0,)
(385.0,)
(328.0,)
(366.0,)
(397.0,)
(427.0,)
(301.0,)
(346.0,)
(408.0,)
(361.0,)
(254.0,)
(313.0,)
(266.0,)
(317.0,)
(390.0,)
(390.0,)
(246.0,)
(325.0,)
(508.0,)
(360.0,)
(289.0,)
(296.0,)
(377.0,)
(374.0,)
(362.0,)
(373.0,)
(250.0,)
(287.0,)
(343.0,)
(208.0,)
(332.0,)
(394.0,)
(321.0,)
(247.0,)
(344.0,)
(296.0,)
(279.0,)
(342.0,)
(462.0,)
(328.0,)
(297.0,)
(427.0,)
(304.0,)
(341.0,)
(366.0,)
(994.0,)
(533.0,)
(564.0,)
(588.0,)
(657.0,)
(537.0,)
(617.0,)
(541.0,)
(524.0,)
(549.0,)
(2035.0,)
(1656.0,)
(1595.0,)
(2033.0,)
(2045.0,)
(245.0,)
(342.0,)
(350.0,)
(217.0,)
(214.0,)
(212.0,)
(214.0,)
(819.0,)
(531.0,)
(1588.0,)
(769.0,)
(165.0,)
(281.0,)
(434.0,)
(1277.0,)
(1.0,)
(1.0,)
(1.0,)
(1.0,)
(1.0,)
(1.0,)
(1.0,)
(1.0,)
(1.0,)
(1.0,)
(1.0,)
(1.0,)
(1.0,)
(1.0,)
(1.0,)
(1.0,)
(1.0,)
(1.0,)
(1.0,)
(1.0,)
(1.0,)
(1.0,)
(1.0,)
(1.0,)
(1.0,)
(1.0,)
(1.0,)
(1.0,)
(1.0,)
(1.0,)
(1.0,)
(1.0,)
(1.0,)
(1.0,)
(1.0,)
(1.0,)
(1.0,)
(1.0,)
(1.0,)
(1.0,)
(1.0,)
(1.0,)
(1.0,)
(1.0,)
(1.0,)
(1.0,)
(1.0,)
(1.0,)
(1.0,)
(1.0,)
(1.0,)
(1.0,)
(1.0,)
(1.0,)
(1.0,)
(1.0,)
(1.0,)
(1.0,)
(1.0,)
(1.0,)
(1.0,)
(1.0,)
(1.0,)
(1.0,)
(1.0,)
(1.0,)
(1.0,)
(1.0,)
(1.0,)
(1.0,)
(1.0,)
(1.0,)
(1.0,)
(1.0,)
(1.0,)
(1.0,)
(1.0,)
(1.0,)
(1.0,)
(1.0,)
(1.0,)
(1.0,)
(1.0,)
(1.0,)
(1.0,)
(1.0,)
(1.0,)
(1.0,)
(1.0,)
(1.0,)
(1.0,)
(1.0,)
(1.0,)
(1.0,)
(1.0,)
(1.0,)
(1.0,)
(1.0,)
(1.0,)
(1.0,)
(1.0,)
(1.0,)
(1.0,)
(1.0,)
(1.0,)
(1.0,)
(1.0,)
(1.0,)
(1.0,)
(1.0,)
(1.0,)
(1.0,)
(1.0,)
(1.0,)
(1.0,)
(1.0,)
(1.0,)
(1.0,)
(1.0,)
(1.0,)
(1.0,)
(1.0,)
(1.0,)
(1.0,)
(1.0,)
(1.0,)
(1.0,)
(1.0,)
(1.0,)
(1.0,)
(1.0,)
(1.0,)
(1.0,)
(1.0,)
(1.0,)
(1.0,)
(1.0,)
(1.0,)
(1.0,)
(1.0,)
(1.0,)
(1.0,)
(1.0,)
(1.0,)
(1.0,)
(1.0,)
(1.0,)
(1.0,)
(1.0,)
(1.0,)
(1.0,)
(1.0,)
(1.0,)
(1.0,)
(1.0,)
(1.0,)
(1.0,)
(1.0,)
(1.0,)
(1.0,)
(1.0,)
(1.0,)
(1.0,)
(1.0,)
(1.0,)
(1.0,)
(1.0,)
(1.0,)
(1.0,)
(1.0,)
(1.0,)
(1.0,)
(1.0,)
(1.0,)
(1.0,)
(1.0,)
(1.0,)
(1.0,)
(1.0,)
(1.0,)
(1.0,)
(1.0,)
(1.0,)
(1.0,)
(1.0,)
(1.0,)
(1.0,)
(1.0,)
(1.0,)
(1.0,)
(1.0,)
(1.0,)
(1.0,)
(1.0,)
(1.0,)
(1.0,)
(1.0,)
(1.0,)
(1.0,)
(1.0,)
(1.0,)
(1.0,)
(1.0,)
(1.0,)
(1.0,)
(1.0,)
(1.0,)
(1.0,)
(1.0,)
(1.0,)
(1.0,)
(1.0,)
(1.0,)
(1.0,)
(1.0,)
(1.0,)
(1.0,)
(1.0,)
(1.0,)
(1.0,)
(1.0,)
(1.0,)
(1.0,)
(1.0,)
(1.0,)
(1.0,)
(1.0,)
(1.0,)
(1.0,)
(1.0,)
(1.0,)
(1.0,)
(1.0,)
(1.0,)
(1.0,)
(1.0,)
(1.0,)
(1.0,)
(1.0,)
(1.0,)
(1.0,)
(1.0,)
(1.0,)
(1.0,)
(1.0,)
(1.0,)
(1.0,)
(1.0,)
(1.0,)
(1.0,)
(1.0,)
(1.0,)
(1.0,)
(1.0,)
(1.0,)
(1.0,)
(1.0,)
(1.0,)
(1.0,)
(1.0,)
(1.0,)
(1.0,)
(1.0,)
(1.0,)
(1.0,)
(1.0,)
(1.0,)
(1.0,)
(1.0,)
(1.0,)
(1.0,)
(1.0,)
(1.0,)
(1.0,)
(1.0,)
(1.0,)
(1.0,)
(1.0,)
(1.0,)
(1.0,)
(1.0,)
(1.0,)
(1.0,)
(1.0,)
(1.0,)
(1.0,)
(1.0,)
(1.0,)
(1.0,)
(1.0,)
(1.0,)
(1.0,)
(1.0,)
(1.0,)
(1.0,)
(1.0,)
(1.0,)
(1.0,)
(1.0,)
(1.0,)
(1.0,)
(1.0,)
(1.0,)
(1.0,)
(1.0,)
(1.0,)
(1.0,)
(1.0,)
(1.0,)
(1.0,)
(1.0,)
(1.0,)
(1.0,)
(1.0,)
(1.0,)
(1.0,)
(1.0,)
(1.0,)
(1.0,)
(1.0,)
(1.0,)
(1.0,)
(1.0,)
(1.0,)
(1.0,)
(1.0,)
(1.0,)
(1.0,)
(1.0,)
(1.0,)
(1.0,)
(1.0,)
(1.0,)
(1.0,)
(1.0,)
(1.0,)
(1.0,)
(1.0,)
(1.0,)
(1.0,)
(1.0,)
(1.0,)
(1.0,)
(1.0,)
(1.0,)
(1.0,)
(1.0,)
(1.0,)
(1.0,)
(1.0,)
(1.0,)
(1.0,)
(1.0,)
(1.0,)
(1.0,)
(1.0,)
(1.0,)
(1.0,)
(1.0,)
(1.0,)
(1.0,)
(1.0,)
(1.0,)
(1.0,)
(1.0,)
(1.0,)
(1.0,)
(1.0,)
(1.0,)
(1.0,)
(1.0,)
(1.0,)
(1.0,)
(1.0,)
(1.0,)
(1.0,)
(1.0,)
(1.0,)
(1.0,)
(1.0,)
(1.0,)
(1.0,)
(1.0,)
(1.0,)
(1.0,)
(1.0,)
(1.0,)
(1.0,)
(1.0,)
(1.0,)
(1.0,)
(1.0,)
(1.0,)
(1.0,)
(1.0,)
(1.0,)
(1.0,)
(1.0,)
(1.0,)
(1.0,)
(1.0,)
(1.0,)
(1.0,)
(1.0,)
(1.0,)
(1.0,)
(1.0,)
(1.0,)
(1.0,)
(1.0,)
(1.0,)
(1.0,)
(1.0,)
(1.0,)
(1.0,)
(1.0,)
(1.0,)
(1.0,)
(1.0,)
(1.0,)
(1.0,)
(1.0,)
(1.0,)
(1.0,)
(1.0,)
(1.0,)
(1.0,)
(1.0,)
(1.0,)
(1.0,)
(1.0,)
(1.0,)
(1.0,)
(1.0,)
(1.0,)
(1.0,)
(1.0,)
(1.0,)
(1.0,)
(1.0,)
(1.0,)
(1.0,)
(1.0,)
(1.0,)
(1.0,)
(1.0,)
(1.0,)
(1.0,)
(1.0,)
(1.0,)
(1.0,)
(1.0,)
(1.0,)
(1.0,)
(1.0,)
(1.0,)
(1.0,)
(1.0,)
(1.0,)
(1.0,)
(1.0,)
(1.0,)
(1.0,)
(1.0,)
(1.0,)
(1.0,)
(1.0,)
(1.0,)
(1.0,)
(1.0,)
(1.0,)
(1.0,)
(1.0,)
(1.0,)
(1.0,)
(1.0,)
(1.0,)
(1.0,)
(1.0,)
(1.0,)
(1.0,)
(1.0,)
(1.0,)
(1.0,)
(1.0,)
(1.0,)
(1.0,)
(1.0,)
(1.0,)
(1.0,)
(1.0,)
(1.0,)
(1.0,)
(1.0,)
(1.0,)
(1.0,)
(1.0,)
(1.0,)
(1.0,)
(1.0,)
(1.0,)
(1.0,)
(1.0,)
(1.0,)
(1.0,)
(1.0,)
(1.0,)
(1.0,)
(1.0,)
(1.0,)
(1.0,)
(1.0,)
(1.0,)
(1.0,)
(1.0,)
(1.0,)
(1.0,)
(1.0,)
(1.0,)
(1.0,)
(1.0,)
(1.0,)
(1.0,)
(1.0,)
(1.0,)
(1.0,)
(1.0,)
(1.0,)
(1.0,)
(1.0,)
(1.0,)
(1.0,)
(1.0,)
(1.0,)
(1.0,)
(1.0,)
(1.0,)
(1.0,)
(1.0,)
(1.0,)
(1.0,)
(1.0,)
(1.0,)
(1.0,)
(1.0,)
(1.0,)
(1.0,)
(1.0,)
(1.0,)
(1.0,)
(1.0,)
(1.0,)
(1.0,)
(1.0,)
(1.0,)
(1.0,)
(1.0,)
(1.0,)
(1.0,)
(1.0,)
(1.0,)
(1.0,)
(1.0,)
(1.0,)
(1.0,)
(1.0,)
(1.0,)
(1.0,)
(1.0,)
(1.0,)
(1.0,)
(1.0,)
(1.0,)
(1.0,)
(1.0,)
(1.0,)
(1.0,)
(1.0,)
(1.0,)
(1.0,)
(1.0,)
(1.0,)
(1.0,)
(1.0,)
(1.0,)
(1.0,)
(1.0,)
(1.0,)
(1.0,)
(1.0,)
(1.0,)
(1.0,)
(1.0,)
(1.0,)
(1.0,)
(1.0,)
(1.0,)
(1.0,)
(1.0,)
(1.0,)
(1.0,)
(1.0,)
(1.0,)
(1.0,)
(1.0,)
(1.0,)
(1.0,)
(1.0,)
(1.0,)
(1.0,)
(1.0,)
(1.0,)
(1.0,)
(1.0,)
(1.0,)
(1.0,)
(1.0,)
(1.0,)
(1.0,)
(1.0,)
(1.0,)
(1.0,)
(1.0,)
(1.0,)
(1.0,)
(1.0,)
(1.0,)
(1.0,)
(1.0,)
(1.0,)
(1.0,)
(1.0,)
(1.0,)
(1.0,)
(1.0,)
(1.0,)
(1.0,)
(1.0,)
(1.0,)
(1.0,)
(1.0,)
(1.0,)
(1.0,)
(1.0,)
(1.0,)
(1.0,)
(1.0,)
(1.0,)
(1.0,)
(1.0,)
(1.0,)
(1.0,)
(1.0,)
(1.0,)
(1.0,)
(1.0,)
(1.0,)
(1.0,)
(1.0,)
(1.0,)
(1.0,)
(1.0,)
(1.0,)
(1.0,)
(1.0,)
(1.0,)
(1.0,)
(1.0,)
(1.0,)
(1.0,)
(1.0,)
(1.0,)
(1.0,)
(1.0,)
(1.0,)
(1.0,)
(1.0,)
(1.0,)
(1.0,)
(1.0,)
(1.0,)
(1.0,)
(1.0,)
(1.0,)
(1.0,)
(1.0,)
(1.0,)
(1.0,)
(1.0,)
(1.0,)
(1.0,)
(1.0,)
(1.0,)
(1.0,)
(1.0,)
(1.0,)
(1.0,)
(1.0,)
(1.0,)
(1.0,)
(1.0,)
(1.0,)
(1.0,)
(1.0,)
(1.0,)
(1.0,)
(1.0,)
(1.0,)
(1.0,)
(1.0,)
(1.0,)
(1.0,)
(1.0,)
(1.0,)
(1.0,)
(1.0,)
(1.0,)
(1.0,)
(1.0,)
(1.0,)
(1.0,)
(1.0,)
(1.0,)
(1.0,)
(1.0,)
(1.0,)
(1.0,)
(1.0,)
(1.0,)
(1.0,)
(1.0,)
(1.0,)
(1.0,)
(1.0,)
(1.0,)
(1.0,)
(1.0,)
(1.0,)
(1.0,)
(1.0,)
(1.0,)
(1.0,)
(1.0,)
(1.0,)
(1.0,)
(1.0,)
(1.0,)
(1.0,)
(1.0,)
(1.0,)
(1.0,)
(1.0,)
(1.0,)
(1.0,)
(1.0,)
(1.0,)
(1.0,)
(1.0,)
(1.0,)
(1.0,)
(1.0,)
(1.0,)
(1.0,)
(1.0,)
(1.0,)
(1.0,)
(1.0,)
(1.0,)
(1.0,)
(1.0,)
(1.0,)
(1.0,)
(1.0,)
(1.0,)
(1.0,)
(1.0,)
(1.0,)
(1.0,)
(1.0,)
(1.0,)
(1.0,)
(1.0,)
(1.0,)
(1.0,)
(1.0,)
(1.0,)
(1.0,)
(1.0,)
(1.0,)
(1.0,)
(1.0,)
(1.0,)
(1.0,)
(1.0,)
(1.0,)
(1.0,)
(1.0,)
(1.0,)
(1.0,)
(1.0,)
(1.0,)
(1.0,)
(1.0,)
(1.0,)
(1.0,)
(1.0,)
(1.0,)
(1.0,)
(1.0,)
(1.0,)
(1.0,)
(1.0,)
(1.0,)
(1.0,)
(1.0,)
(1.0,)
(1.0,)
(1.0,)
(1.0,)
(1.0,)
(1.0,)
(1.0,)
(1.0,)
(1.0,)
(1.0,)
(1.0,)
(1.0,)
(1.0,)
(1.0,)
(1.0,)
(1.0,)
(1.0,)
(1.0,)
(1.0,)
(1.0,)
(1.0,)
(1.0,)
(1.0,)
(1.0,)
(1.0,)
(1.0,)
(1.0,)
(1.0,)
(1.0,)
(1.0,)
(1.0,)
(1.0,)
(1.0,)
(1.0,)
(1.0,)
(1.0,)
(1.0,)
(1.0,)
(1.0,)
(1.0,)
(1.0,)
(1.0,)
(1.0,)
(1.0,)
(1.0,)
(1.0,)
(1.0,)
(1.0,)
(1.0,)
(1.0,)
(1.0,)
(1.0,)
(1.0,)
(1.0,)
(1.0,)
(1.0,)
(1.0,)
(1.0,)
(1.0,)
(1.0,)
(1.0,)
(1.0,)
(1.0,)
(1.0,)
(1.0,)
(1.0,)
(1.0,)
(1.0,)
(1.0,)
(1.0,)
(1.0,)
(1.0,)
(1.0,)
(1.0,)
(1.0,)
(1.0,)
(1.0,)
(1.0,)
(1.0,)
(1.0,)
(1.0,)
(1.0,)
(1.0,)
(1.0,)
(1.0,)
(1.0,)
(1.0,)
(1.0,)
(1.0,)
(1.0,)
(1.0,)
(1.0,)
(1.0,)
(1.0,)
(1.0,)
(1.0,)
(1.0,)
(1.0,)
(1.0,)
(1.0,)
(1.0,)
(1.0,)
(1.0,)
(1.0,)
(1.0,)
(1.0,)
(1.0,)
(1.0,)
(1.0,)
(1.0,)
(1.0,)
(1.0,)
(1.0,)
(1.0,)
(1.0,)
(1.0,)
(1.0,)
(1.0,)
(1.0,)
(1.0,)
(1.0,)
(1.0,)
(1.0,)
(1.0,)
(1.0,)
(1.0,)
(1.0,)
(1.0,)
(1.0,)
(1.0,)
(1.0,)
(1.0,)
(1.0,)
(1.0,)
(1.0,)
(1.0,)
(1.0,)
(1.0,)
(1.0,)
(1.0,)
(1.0,)
(1.0,)
(1.0,)
(1.0,)
(1.0,)
(1.0,)
(1.0,)
(1.0,)
(1.0,)
(1.0,)
(1.0,)
(1.0,)
(1.0,)
(1.0,)
(1.0,)
(1.0,)
(1.0,)
(1.0,)
(1.0,)
(1.0,)
(1.0,)
(1.0,)
(1.0,)
(1.0,)
(1.0,)
(1.0,)
(1.0,)
(1.0,)
(1.0,)
(1.0,)
(1.0,)
(1.0,)
(1.0,)
(1.0,)
(1.0,)
(1.0,)
(1.0,)
(1.0,)
(1.0,)
(1.0,)
(1.0,)
(1.0,)
(1.0,)
(1.0,)
(1.0,)
(1.0,)
(1.0,)
(1.0,)
(1.0,)
(1.0,)
(1.0,)
(1.0,)
(1.0,)
(1.0,)
(1.0,)
(1.0,)
(1.0,)
(1.0,)
(1.0,)
(1.0,)
(1.0,)
(1.0,)
(1.0,)
(1.0,)
(1.0,)
(1.0,)
(1.0,)
(1.0,)
(1.0,)
(1.0,)
(1.0,)
(1.0,)
(1.0,)
(1.0,)
(1.0,)
(1.0,)
(1.0,)
(1.0,)
(1.0,)
(1.0,)
(1.0,)
(1.0,)
(1.0,)
(1.0,)
(1.0,)
(1.0,)
(1.0,)
(1.0,)
(1.0,)
(1.0,)
(1.0,)
(1.0,)
(1.0,)
(1.0,)
(1.0,)
(1.0,)
(1.0,)
(1.0,)
(1.0,)
(1.0,)
(1.0,)
(1.0,)
(1.0,)
(1.0,)
(1.0,)
(1.0,)
(1.0,)
(1.0,)
(1.0,)
(1.0,)
(1.0,)
(1.0,)
(1.0,)
(1.0,)
(1.0,)
(1.0,)
(1.0,)
(1.0,)
(1.0,)
(1.0,)
(1.0,)
(1.0,)
(1.0,)
(1.0,)
(1.0,)
(1.0,)
(1.0,)
(1.0,)
(1.0,)
(1.0,)
(1.0,)
(1.0,)
(1.0,)
(1.0,)
(1.0,)
(1.0,)
(1.0,)
(1.0,)
(1.0,)
(1.0,)
(1.0,)
(1.0,)
(1.0,)
(1.0,)
(1.0,)
(1.0,)
(1.0,)
(1.0,)
(1.0,)
(1.0,)
(1.0,)
(1.0,)
(1.0,)
(1.0,)
(1.0,)
(1.0,)
(1.0,)
(1.0,)
(1.0,)
(1.0,)
(1.0,)
(1.0,)
(1.0,)
(1.0,)
(1.0,)
(1.0,)
(1.0,)
(1.0,)
(1.0,)
(1.0,)
(1.0,)
(1.0,)
(1.0,)
(1.0,)
(1.0,)
(1.0,)
(1.0,)
(1.0,)
(1.0,)
(1.0,)
(1.0,)
(1.0,)
(1.0,)
(1.0,)
(1.0,)
(1.0,)
(1.0,)
(1.0,)
(1.0,)
(1.0,)
(1.0,)
(1.0,)
(1.0,)
(1.0,)
(1.0,)
(1.0,)
(1.0,)
(1.0,)
(1.0,)
(1.0,)
(1.0,)
(1.0,)
(1.0,)
(1.0,)
(1.0,)
(1.0,)
(1.0,)
(1.0,)
(1.0,)
(1.0,)
(1.0,)
(1.0,)
(1.0,)
(1.0,)
(1.0,)
(1.0,)
(1.0,)
(1.0,)
(1.0,)
(1.0,)
(1.0,)
(1.0,)
(1.0,)
(1.0,)
(1.0,)
(1.0,)
(1.0,)
(1.0,)
(1.0,)
(1.0,)
(1.0,)
(1.0,)
(1.0,)
(1.0,)
(1.0,)
(1.0,)
(1.0,)
(1.0,)
(1.0,)
(1.0,)
(1.0,)
(1.0,)
(1.0,)
(1.0,)
(1.0,)
(1.0,)
(1.0,)
(1.0,)
(1.0,)
(1.0,)
(1.0,)
(1.0,)
(1.0,)
(1.0,)
(1.0,)
(1.0,)
(1.0,)
(1.0,)
(1.0,)
(1.0,)
(1.0,)
(1.0,)
(1.0,)
(1.0,)
(1.0,)
(1.0,)
(1.0,)
(1.0,)
(1.0,)
(1.0,)
(1.0,)
(1.0,)
(1.0,)
(1.0,)
(1.0,)
(1.0,)
(1.0,)
(1.0,)
(1.0,)
(1.0,)
(1.0,)
(1.0,)
(1.0,)
(1.0,)
(1.0,)
(1.0,)
(1.0,)
(1.0,)
(1.0,)
(1.0,)
(1.0,)
(1.0,)
(1.0,)
(1.0,)
(1.0,)
(1.0,)
(1.0,)
(1.0,)
(1.0,)
(1.0,)
(1.0,)
(1.0,)
(1.0,)
(1.0,)
(1.0,)
(1.0,)
(1.0,)
(1.0,)
(1.0,)
(1.0,)
(1.0,)
(1.0,)
(1.0,)
(1.0,)
(1.0,)
(1.0,)
(1.0,)
(1.0,)
(1.0,)
(1.0,)
(1.0,)
(1.0,)
(1.0,)
(1.0,)
(1.0,)
(1.0,)
(1.0,)
(1.0,)
(1.0,)
(1.0,)
(1.0,)
(1.0,)
(1.0,)
(1.0,)
(1.0,)
(1.0,)
(1.0,)
(1.0,)
(1.0,)
(1.0,)
(1.0,)
(1.0,)
(1.0,)
(1.0,)
(1.0,)
(1.0,)
(1.0,)
(1.0,)
(1.0,)
(1.0,)
(1.0,)
(1.0,)
(1.0,)
(1.0,)
(1.0,)
(1.0,)
(1.0,)
(1.0,)
(1.0,)
(1.0,)
(1.0,)
(1.0,)
(1.0,)
(1.0,)
(1.0,)
(1.0,)
(1.0,)
(1.0,)
(1.0,)
(1.0,)
(1.0,)
(1.0,)
(1.0,)
(1.0,)
(1.0,)
(1.0,)
(1.0,)
(1.0,)
(1.0,)
(1.0,)
(1.0,)
(1.0,)
(1.0,)
(1.0,)
(1.0,)
(1.0,)
(1.0,)
(1.0,)
(1.0,)
(1.0,)
(1.0,)
(1.0,)
(1.0,)
(1.0,)
(1.0,)
(1.0,)
(1.0,)
(1.0,)
(1.0,)
(1.0,)
(1.0,)
(1.0,)
(1.0,)
(1.0,)
(1.0,)
(1.0,)
(1.0,)
(1.0,)
(1.0,)
(1.0,)
(1.0,)
(1.0,)
(1.0,)
(1.0,)
(1.0,)
(1.0,)
(1.0,)
(1.0,)
(1.0,)
(1.0,)
(1.0,)
(1.0,)
(1.0,)
(1.0,)
(1.0,)
(1.0,)
(1.0,)
(1.0,)
(1.0,)
(1.0,)
(1.0,)
(1.0,)
(1.0,)
(1.0,)
(1.0,)
(1.0,)
(1.0,)
(1.0,)
(1.0,)
(1.0,)
(1.0,)
(1.0,)
(1.0,)
(1.0,)
(1.0,)
(1.0,)
(1.0,)
(1.0,)
(1.0,)
(1.0,)
(1.0,)
(1.0,)
(1.0,)
(1.0,)
(1.0,)
(1.0,)
(1.0,)
(1.0,)
(1.0,)
(1.0,)
(1.0,)
(1.0,)
(1.0,)
(1.0,)
(1.0,)
(1.0,)
(1.0,)
(1.0,)
(1.0,)
(1.0,)
(1.0,)
(1.0,)
(1.0,)
(1.0,)
(1.0,)
(1.0,)
(1.0,)
(1.0,)
(1.0,)
(1.0,)
(1.0,)
(1.0,)
(1.0,)
(1.0,)
(1.0,)
(1.0,)
(1.0,)
(1.0,)
(1.0,)
(1.0,)
(1.0,)
(1.0,)
(1.0,)
(1.0,)
(1.0,)
(1.0,)
(1.0,)
(1.0,)
(1.0,)
(1.0,)
(1.0,)
(1.0,)
(1.0,)
(1.0,)
(1.0,)
(1.0,)
(1.0,)
(1.0,)
(1.0,)
(1.0,)
(1.0,)
(1.0,)
(1.0,)
(1.0,)
(1.0,)
(1.0,)
(1.0,)
(1.0,)
(1.0,)
(1.0,)
(1.0,)
(1.0,)
(1.0,)
(1.0,)
(1.0,)
(1.0,)
(1.0,)
(1.0,)
(1.0,)
(1.0,)
(1.0,)
(1.0,)
(1.0,)
(1.0,)
(1.0,)
(1.0,)
(1.0,)
(1.0,)
(1.0,)
(1.0,)
(1.0,)
(1.0,)
(1.0,)
(1.0,)
(1.0,)
(1.0,)
(1.0,)
(1.0,)
(1.0,)
(1.0,)
(1.0,)
(1.0,)
(1.0,)
(1.0,)
(1.0,)
(1.0,)
(1.0,)
(1.0,)
(1.0,)
(1.0,)
(1.0,)
(1.0,)
(1.0,)
(1.0,)
(1.0,)
(1.0,)
(1.0,)
(1.0,)
(1.0,)
(1.0,)
(1.0,)
(1.0,)
(1.0,)
(1.0,)
(1.0,)
(1.0,)
(1.0,)
(1.0,)
(1.0,)
(1.0,)
(1.0,)
(1.0,)
(1.0,)
(1.0,)
(1.0,)
(1.0,)
(1.0,)
(1.0,)
(1.0,)
(1.0,)
(1.0,)
(1.0,)
(1.0,)
(1.0,)
(1.0,)
(1.0,)
(1.0,)
(1.0,)
(1.0,)
(1.0,)
(1.0,)
(1.0,)
(1.0,)
(1.0,)
(1.0,)
(1.0,)
(1.0,)
(1.0,)
(1.0,)
(1.0,)
(1.0,)
(1.0,)
(1.0,)
(1.0,)
(1.0,)
(1.0,)
(1.0,)
(1.0,)
(1.0,)
(1.0,)
(1.0,)
(1.0,)
(1.0,)
(1.0,)
(1.0,)
(1.0,)
(1.0,)
(1.0,)
(1.0,)
(1.0,)
(1.0,)
(1.0,)
(1.0,)
(1.0,)
(1.0,)
(1.0,)
(1.0,)
(1.0,)
(1.0,)
(1.0,)
(1.0,)
(1.0,)
(1.0,)
(1.0,)
(1.0,)
(1.0,)
(1.0,)
(1.0,)
(1.0,)
(1.0,)
(1.0,)
(1.0,)
(1.0,)
(1.0,)
(1.0,)
(1.0,)
(1.0,)
(1.0,)
(1.0,)
(1.0,)
(1.0,)
(1.0,)
(1.0,)
(1.0,)
(1.0,)
(1.0,)
(1.0,)
(1.0,)
(1.0,)
(1.0,)
(1.0,)
(1.0,)
(1.0,)
(1.0,)
(1.0,)
(1.0,)
(1.0,)
(1.0,)
(1.0,)
(1.0,)
(1.0,)
(1.0,)
(1.0,)
(1.0,)
(1.0,)
(1.0,)
(1.0,)
(1.0,)
(1.0,)
(1.0,)
(1.0,)
(1.0,)
(1.0,)
(1.0,)
(1.0,)
(1.0,)
(1.0,)
(1.0,)
(1.0,)
(1.0,)
(1.0,)
(1.0,)
(1.0,)
(1.0,)
(1.0,)
(1.0,)
(1.0,)
(1.0,)
(1.0,)
(1.0,)
(1.0,)
(1.0,)
(1.0,)
(1.0,)
(1.0,)
(1.0,)
(1.0,)
(1.0,)
(1.0,)
(1.0,)
(1.0,)
(1.0,)
(1.0,)
(1.0,)
(1.0,)
(1.0,)
(1.0,)
(1.0,)
(1.0,)
(1.0,)
(1.0,)
(1.0,)
(1.0,)
(1.0,)
(1.0,)
(1.0,)
(1.0,)
(1.0,)
(1.0,)
(1.0,)
(1.0,)
(1.0,)
(1.0,)
(1.0,)
(1.0,)
(1.0,)
(1.0,)
(1.0,)
(1.0,)
(1.0,)
(1.0,)
(1.0,)
(1.0,)
(1.0,)
(1.0,)
(1.0,)
(1.0,)
(1.0,)
(1.0,)
(1.0,)
(1.0,)
(1.0,)
(1.0,)
(1.0,)
(1.0,)
(1.0,)
(1.0,)
(1.0,)
(1.0,)
(1.0,)
(1.0,)
(1.0,)
(1.0,)
(1.0,)
(1.0,)
(1.0,)
(1.0,)
(1.0,)
(1.0,)
(1.0,)
(1.0,)
(1.0,)
(1.0,)
(1.0,)
(1.0,)
(1.0,)
(1.0,)
(1.0,)
(1.0,)
(1.0,)
(1.0,)
(1.0,)
(1.0,)
(1.0,)
(1.0,)
(1.0,)
(1.0,)
(1.0,)
(1.0,)
(1.0,)
(1.0,)
(1.0,)
(1.0,)
(1.0,)
(1.0,)
(1.0,)
(1.0,)
(1.0,)
(1.0,)
(1.0,)
(1.0,)
(1.0,)
(1.0,)
(1.0,)
(1.0,)
(1.0,)
(1.0,)
(1.0,)
(1.0,)
(1.0,)
(1.0,)
(1.0,)
(1.0,)
(1.0,)
(1.0,)
(1.0,)
(1.0,)
(1.0,)
(1.0,)
(1.0,)
(1.0,)
(1.0,)
(1.0,)
(1.0,)
(1.0,)
(1.0,)
(1.0,)
(1.0,)
(1.0,)
(1.0,)
(1.0,)
(1.0,)
(1.0,)
(1.0,)
(1.0,)
(1.0,)
(1.0,)
(1.0,)
(1.0,)
(1.0,)
(1.0,)
(1.0,)
(1.0,)
(1.0,)
(1.0,)
(1.0,)
(1.0,)
(1.0,)
(1.0,)
(1.0,)
(1.0,)
(1.0,)
(1.0,)
(1.0,)
(1.0,)
(1.0,)
(1.0,)
(1.0,)
(1.0,)
(1.0,)
(1.0,)
(1.0,)
(1.0,)
(1.0,)
(1.0,)
(1.0,)
(1.0,)
(1.0,)
(1.0,)
(1.0,)
(1.0,)
(1.0,)
(1.0,)
(1.0,)
(1.0,)
(1.0,)
(1.0,)
(1.0,)
(1.0,)
(1.0,)
(1.0,)
(1.0,)
(1.0,)
(1.0,)
(1.0,)
(1.0,)
(1.0,)
(1.0,)
(1.0,)
(1.0,)
(1.0,)
(1.0,)
(1.0,)
(1.0,)
(1.0,)
(1.0,)
(1.0,)
(1.0,)
(1.0,)
(1.0,)
(1.0,)
(1.0,)
(1.0,)
(1.0,)
(1.0,)
(1.0,)
(1.0,)
(1.0,)
(1.0,)
(1.0,)
(1.0,)
(1.0,)
(1.0,)
(1.0,)
(1.0,)
(1.0,)
(1.0,)
(1.0,)
(1.0,)
(1.0,)
(1.0,)
(1.0,)
(1.0,)
(1.0,)
(1.0,)
(1.0,)
(1.0,)
(1.0,)
(1.0,)
(1.0,)
(1.0,)
(1.0,)
(1.0,)
(1.0,)
(1.0,)
(1.0,)
(1.0,)
(1.0,)
(1.0,)
(1.0,)
(1.0,)
(1.0,)
(1.0,)
(1.0,)
(1.0,)
(1.0,)
(1.0,)
(1.0,)
(1.0,)
(1.0,)
(1.0,)
(1.0,)
(1.0,)
(1.0,)
(1.0,)
(1.0,)
(1.0,)
(1.0,)
(1.0,)
(1.0,)
(1.0,)
(1.0,)
(1.0,)
(1.0,)
(1.0,)
(1.0,)
(1.0,)
(1.0,)
(1.0,)
(1.0,)
(1.0,)
(1.0,)
(1.0,)
(1.0,)
(1.0,)
(1.0,)
(1.0,)
(1.0,)
(1.0,)
(1.0,)
(1.0,)
(1.0,)
(1.0,)
(1.0,)
(1.0,)
(1.0,)
(1.0,)
(1.0,)
(1.0,)
(1.0,)
(1.0,)
(1.0,)
(1.0,)
(1.0,)
(1.0,)
(1.0,)
(1.0,)
(1.0,)
(1.0,)
(1.0,)
(1.0,)
(1.0,)
(1.0,)
(1.0,)
(1.0,)
(1.0,)
(1.0,)
(1.0,)
(1.0,)
(1.0,)
(1.0,)
(1.0,)
(1.0,)
(1.0,)
(1.0,)
(1.0,)
(1.0,)
(1.0,)
(1.0,)
(1.0,)
(1.0,)
(1.0,)
(1.0,)
(1.0,)
(1.0,)
(1.0,)
(1.0,)
(1.0,)
(1.0,)
(1.0,)
(1.0,)
(1.0,)
(1.0,)
(1.0,)
(1.0,)
(1.0,)
(1.0,)
(1.0,)
(1.0,)
(1.0,)
(1.0,)
(1.0,)
(1.0,)
(1.0,)
(1.0,)
(1.0,)
(1.0,)
(1.0,)
(1.0,)
(1.0,)
(1.0,)
(1.0,)
(1.0,)
(1.0,)
(1.0,)
(1.0,)
(1.0,)
(1.0,)
(1.0,)
(1.0,)
(1.0,)
(1.0,)
(1.0,)
(1.0,)
(1.0,)
(1.0,)
(1.0,)
(1.0,)
(1.0,)
(1.0,)
(1.0,)
(1.0,)
(1.0,)
(1.0,)
(1.0,)
(1.0,)
(1.0,)
(1.0,)
(1.0,)
(1.0,)
(1.0,)
(1.0,)
(1.0,)
(1.0,)
(1.0,)
(1.0,)
(1.0,)
(1.0,)
(1.0,)
(1.0,)
(1.0,)
(1.0,)
(1.0,)
(1.0,)
(1.0,)
(1.0,)
(1.0,)
(1.0,)
(1.0,)
(1.0,)
(1.0,)
(1.0,)
(1.0,)
(1.0,)
(1.0,)
(1.0,)
(1.0,)
(1.0,)
(1.0,)
(1.0,)
(1.0,)
(1.0,)
(1.0,)
(1.0,)
(1.0,)
(1.0,)
(1.0,)
(1.0,)
(1.0,)
(1.0,)
(1.0,)
(1.0,)
(1.0,)
(1.0,)
(1.0,)
(1.0,)
(1.0,)
(1.0,)
(1.0,)
(1.0,)
(1.0,)
(1.0,)
(1.0,)
(1.0,)
(1.0,)
(1.0,)
(1.0,)
(1.0,)
(1.0,)
(1.0,)
(1.0,)
(1.0,)
(1.0,)
(1.0,)
(1.0,)
(1.0,)
(1.0,)
(1.0,)
(1.0,)
(1.0,)
(1.0,)
(1.0,)
(1.0,)
(1.0,)
(1.0,)
(1.0,)
(1.0,)
(1.0,)
(1.0,)
(1.0,)
(1.0,)
(1.0,)
(1.0,)
(1.0,)
(1.0,)
(1.0,)
(1.0,)
(1.0,)
(1.0,)
(1.0,)
(1.0,)
(1.0,)
(1.0,)
(1.0,)
(1.0,)
(1.0,)
(1.0,)
(1.0,)
(1.0,)
(1.0,)
(1.0,)
(1.0,)
(1.0,)
(1.0,)
(1.0,)
(1.0,)
(1.0,)
(1.0,)
(1.0,)
(1.0,)
(1.0,)
(1.0,)
(1.0,)
(1.0,)
(1.0,)
(1.0,)
(1.0,)
(1.0,)
(1.0,)
(1.0,)
(1.0,)
(1.0,)
(1.0,)
(1.0,)
(1.0,)
(1.0,)
(1.0,)
(1.0,)
(1.0,)
(1.0,)
(1.0,)
(1.0,)
(1.0,)
(1.0,)
(1.0,)
(1.0,)
(1.0,)
(1.0,)
(1.0,)
(1.0,)
(1.0,)
(1.0,)
(1.0,)
(1.0,)
(1.0,)
(1.0,)
(1.0,)
(1.0,)
(1.0,)
(1.0,)
(1.0,)
(1.0,)
(1.0,)
(1.0,)
(1.0,)
(1.0,)
(1.0,)
(1.0,)
(1.0,)
(1.0,)
(1.0,)
(1.0,)
(1.0,)
(1.0,)
(1.0,)
(1.0,)
(1.0,)
(1.0,)
(1.0,)
(1.0,)
(1.0,)
(1.0,)
(1.0,)
(1.0,)
(1.0,)
(1.0,)
(1.0,)
(1.0,)
(1.0,)
(1.0,)
(1.0,)
(1.0,)
(1.0,)
(1.0,)
(1.0,)
(1.0,)
(1.0,)
(1.0,)
(1.0,)
(1.0,)
(1.0,)
(1.0,)
(1.0,)
(1.0,)
(1.0,)
(1.0,)
(1.0,)
(1.0,)
(1.0,)
(1.0,)
(1.0,)
(1.0,)
(1.0,)
(1.0,)
(1.0,)
(1.0,)
(1.0,)
(1.0,)
(1.0,)
(1.0,)
(1.0,)
(1.0,)
(1.0,)
(1.0,)
(1.0,)
(1.0,)
(1.0,)
(1.0,)
(1.0,)
(1.0,)
(1.0,)
(1.0,)
(1.0,)
(1.0,)
(1.0,)
(1.0,)
(1.0,)
(1.0,)
(1.0,)
(1.0,)
(1.0,)
(1.0,)
(1.0,)
(1.0,)
(1.0,)
(1.0,)
(1.0,)
(1.0,)
(1.0,)
(1.0,)
(1.0,)
(1.0,)
(1.0,)
(1.0,)
(1.0,)
(1.0,)
(1.0,)
(1.0,)
(1.0,)
(1.0,)
(1.0,)
(1.0,)
(1.0,)
(1.0,)
(1.0,)
(1.0,)
(1.0,)
(1.0,)
(1.0,)
(1.0,)
(1.0,)
(1.0,)
(1.0,)
(1.0,)
(1.0,)
(1.0,)
(1.0,)
(1.0,)
(1.0,)
(1.0,)
(1.0,)
(1.0,)
(1.0,)
(1.0,)
(1.0,)
(1.0,)
(1.0,)
(1.0,)
(1.0,)
(1.0,)
(1.0,)
(1.0,)
(1.0,)
(1.0,)
(1.0,)
(1.0,)
(1.0,)
(1.0,)
(1.0,)
(1.0,)
(1.0,)
(1.0,)
(1.0,)
(1.0,)
(1.0,)
(1.0,)
(1.0,)
(1.0,)
(1.0,)
(1.0,)
(1.0,)
(1.0,)
(1.0,)
(1.0,)
(1.0,)
(1.0,)
(1.0,)
(1.0,)
(1.0,)
(1.0,)
(1.0,)
(1.0,)
(1.0,)
(1.0,)
(1.0,)
(1.0,)
(1.0,)
(1.0,)
(1.0,)
(1.0,)
(1.0,)
(1.0,)
(1.0,)
(1.0,)
(1.0,)
(1.0,)
(1.0,)
(1.0,)
(1.0,)
(1.0,)
(1.0,)
(1.0,)
(1.0,)
(1.0,)
(1.0,)
(1.0,)
(1.0,)
(1.0,)
(1.0,)
(1.0,)
(1.0,)
(1.0,)
(1.0,)
(1.0,)
(1.0,)
(1.0,)
(1.0,)
(1.0,)
(1.0,)
(1.0,)
(1.0,)
(1.0,)
(1.0,)
(1.0,)
(1.0,)
(1.0,)
(1.0,)
(1.0,)
(1.0,)
(1.0,)
(1.0,)
(1.0,)
(1.0,)
(1.0,)
(1.0,)
(1.0,)
(1.0,)
(1.0,)
(1.0,)
(1.0,)
(1.0,)
(0.0,)
(0.0,)
(0.0,)
(0.0,)
(0.0,)
(0.0,)
(0.0,)
(0.0,)
(0.0,)
(0.0,)
(0.0,)
(0.0,)
(0.0,)
(0.0,)
(0.0,)
(0.0,)
(0.0,)
(0.0,)
(0.0,)
(0.0,)
(0.0,)
(0.0,)
(0.0,)
(0.0,)
(0.0,)
(0.0,)
(0.0,)
(0.0,)
(0.0,)
(0.0,)
(0.0,)
(0.0,)
(0.0,)
(0.0,)
(0.0,)
(0.0,)
(0.0,)
(0.0,)
(0.0,)
(0.0,)
(0.0,)
(0.0,)
(0.0,)
(0.0,)
(0.0,)
(0.0,)
(0.0,)
(0.0,)
(0.0,)
(0.0,)
(0.0,)
(0.0,)
(0.0,)
(0.0,)
(0.0,)
(0.0,)
(0.0,)
(0.0,)
(0.0,)
(0.0,)
(0.0,)
(0.0,)
(0.0,)
(0.0,)
(0.0,)
(0.0,)
(0.0,)
(0.0,)
(0.0,)
(0.0,)
(0.0,)
(0.0,)
(0.0,)
(0.0,)
(0.0,)
(0.0,)
(0.0,)
(0.0,)
(0.0,)
(0.0,)
(0.0,)
(0.0,)
(0.0,)
(0.0,)
(0.0,)
(0.0,)
(0.0,)
(0.0,)
(0.0,)
(0.0,)
(0.0,)
(0.0,)
(0.0,)
(0.0,)
(0.0,)
(0.0,)
(0.0,)
(0.0,)
(0.0,)
(0.0,)
(0.0,)
(0.0,)
(0.0,)
(0.0,)
(0.0,)
(0.0,)
(0.0,)
(0.0,)
(0.0,)
(0.0,)
(0.0,)
(0.0,)
(0.0,)
(0.0,)
(0.0,)
(0.0,)
(0.0,)
(0.0,)
(0.0,)
(0.0,)
(0.0,)
(0.0,)
(0.0,)
(0.0,)
(0.0,)
(0.0,)
(0.0,)
(0.0,)
(0.0,)
(0.0,)
(0.0,)
(0.0,)
(0.0,)
(0.0,)
(0.0,)
(0.0,)
(0.0,)
(0.0,)
(0.0,)
(0.0,)
(0.0,)
(0.0,)
(0.0,)
(0.0,)
(0.0,)
(0.0,)
(0.0,)
(0.0,)
(0.0,)
(0.0,)
(0.0,)
(0.0,)
(0.0,)
(0.0,)
(0.0,)
(0.0,)
(0.0,)
(0.0,)
(0.0,)
(0.0,)
(0.0,)
(0.0,)
(0.0,)
(0.0,)
(0.0,)
(0.0,)
(0.0,)
(0.0,)
(0.0,)
(0.0,)
(0.0,)
(0.0,)
(0.0,)
(0.0,)
(0.0,)
(0.0,)
(0.0,)
(0.0,)
(0.0,)
(0.0,)
(0.0,)
(0.0,)
(0.0,)
(0.0,)
(0.0,)
(0.0,)
(0.0,)
(0.0,)
(0.0,)
(0.0,)
(0.0,)
(0.0,)
(0.0,)
(0.0,)
(0.0,)
(0.0,)
(0.0,)
(0.0,)
(0.0,)
(0.0,)
(0.0,)
(0.0,)
(0.0,)
(0.0,)
(0.0,)
(0.0,)
(0.0,)
(0.0,)
(0.0,)
(0.0,)
(0.0,)
(0.0,)
(0.0,)
(0.0,)
(0.0,)
(0.0,)
(0.0,)
(0.0,)
(0.0,)
(0.0,)
(0.0,)
(0.0,)
(0.0,)
(0.0,)
(0.0,)
(0.0,)
(0.0,)
(0.0,)
(0.0,)
(0.0,)
(0.0,)
(0.0,)
(0.0,)
(0.0,)
(0.0,)
(0.0,)
(0.0,)
(0.0,)
(0.0,)
(0.0,)
(0.0,)
(0.0,)
(0.0,)
(0.0,)
(0.0,)
(0.0,)
(0.0,)
(0.0,)
(0.0,)
(0.0,)
(0.0,)
(0.0,)
(0.0,)
(0.0,)
(0.0,)
(0.0,)
(0.0,)
(0.0,)
(0.0,)
(0.0,)
(0.0,)
(0.0,)
(0.0,)
(0.0,)
(0.0,)
(0.0,)
(0.0,)
(0.0,)
(0.0,)
(0.0,)
(0.0,)
(0.0,)
(0.0,)
(0.0,)
(0.0,)
(0.0,)
(0.0,)
(0.0,)
(0.0,)
(0.0,)
(0.0,)
(0.0,)
(0.0,)
(0.0,)
(0.0,)
(0.0,)
(0.0,)
(0.0,)
(0.0,)
(0.0,)
(0.0,)
(0.0,)
(0.0,)
(0.0,)
(0.0,)
(0.0,)
(0.0,)
(0.0,)
(0.0,)
(0.0,)
(0.0,)
(0.0,)
(0.0,)
(0.0,)
(0.0,)
(0.0,)
(0.0,)
(0.0,)
(0.0,)
(0.0,)
(0.0,)
(0.0,)
(0.0,)
(0.0,)
(0.0,)
(0.0,)
(0.0,)
(0.0,)
(0.0,)
(0.0,)
(0.0,)
(0.0,)
(0.0,)
(0.0,)
(0.0,)
(0.0,)
(0.0,)
(0.0,)
(0.0,)
(0.0,)
(0.0,)
(0.0,)
(0.0,)
(0.0,)
(0.0,)
(0.0,)
(0.0,)
(0.0,)
(0.0,)
(0.0,)
(0.0,)
(0.0,)
(0.0,)
(0.0,)
(0.0,)
(0.0,)
(0.0,)
(0.0,)
(0.0,)
(0.0,)
(0.0,)
(0.0,)
(0.0,)
(0.0,)
(0.0,)
(0.0,)
(0.0,)
(0.0,)
(0.0,)
(0.0,)
(0.0,)
(0.0,)
(0.0,)
(0.0,)
(0.0,)
(0.0,)
(0.0,)
(0.0,)
(0.0,)
(0.0,)
(0.0,)
(0.0,)
(0.0,)
(0.0,)
(0.0,)
(0.0,)
(0.0,)
(0.0,)
(0.0,)
(0.0,)
(0.0,)
(0.0,)
(0.0,)
(0.0,)
(0.0,)
(0.0,)
(0.0,)
(0.0,)
(0.0,)
(0.0,)
(0.0,)
(0.0,)
(0.0,)
(0.0,)
(0.0,)
(0.0,)
(0.0,)
(0.0,)
(0.0,)
(0.0,)
(0.0,)
(0.0,)
(0.0,)
(0.0,)
(0.0,)
(0.0,)
(0.0,)
(0.0,)
(0.0,)
(0.0,)
(0.0,)
(0.0,)
(0.0,)
(0.0,)
(0.0,)
(0.0,)
(0.0,)
(0.0,)
(0.0,)
(0.0,)
(0.0,)
(0.0,)
(0.0,)
(0.0,)
(0.0,)
(0.0,)
(0.0,)
(0.0,)
(0.0,)
(0.0,)
(0.0,)
(0.0,)
(0.0,)
(0.0,)
(0.0,)
(0.0,)
(0.0,)
(0.0,)
(0.0,)
(0.0,)
(0.0,)
(0.0,)
(0.0,)
(0.0,)
(0.0,)
(0.0,)
(0.0,)
(0.0,)
(0.0,)
(0.0,)
(0.0,)
(0.0,)
(0.0,)
(0.0,)
(0.0,)
(0.0,)
(0.0,)
(0.0,)
(0.0,)
(0.0,)
(0.0,)
(0.0,)
(0.0,)
(0.0,)
(0.0,)
(0.0,)
(0.0,)
(0.0,)
(0.0,)
(0.0,)
(0.0,)
(0.0,)
(0.0,)
(0.0,)
(0.0,)
(0.0,)
(0.0,)
(0.0,)
(0.0,)
(0.0,)
(0.0,)
(0.0,)
(0.0,)
(0.0,)
(0.0,)
(0.0,)
(0.0,)
(0.0,)
(0.0,)
(0.0,)
(0.0,)
(0.0,)
(0.0,)
(0.0,)
(0.0,)
(0.0,)
(0.0,)
(0.0,)
(0.0,)
(0.0,)
(0.0,)
(0.0,)
(0.0,)
(0.0,)
(0.0,)
(0.0,)
(0.0,)
(0.0,)
(0.0,)
(0.0,)
(0.0,)
(0.0,)
(0.0,)
(0.0,)
(0.0,)
(0.0,)
(0.0,)
(0.0,)
(0.0,)
(0.0,)
(0.0,)
(0.0,)
(0.0,)
(0.0,)
(0.0,)
(0.0,)
(0.0,)
(0.0,)
(0.0,)
(0.0,)
(0.0,)
(0.0,)
(0.0,)
(0.0,)
(0.0,)
(0.0,)
(0.0,)
(0.0,)
(0.0,)
(0.0,)
(0.0,)
(0.0,)
(0.0,)
(0.0,)
(0.0,)
(0.0,)
(0.0,)
(0.0,)
(0.0,)
(0.0,)
(0.0,)
(0.0,)
(0.0,)
(0.0,)
(0.0,)
(0.0,)
(0.0,)
(0.0,)
(0.0,)
(0.0,)
(0.0,)
(0.0,)
(0.0,)
(0.0,)
(0.0,)
(0.0,)
(0.0,)
(0.0,)
(0.0,)
(0.0,)
(0.0,)
(0.0,)
(0.0,)
(0.0,)
(0.0,)
(0.0,)
(0.0,)
(0.0,)
(0.0,)
(0.0,)
(0.0,)
(0.0,)
(0.0,)
(0.0,)
(0.0,)
(0.0,)
(0.0,)
(0.0,)
(0.0,)
(0.0,)
(0.0,)
(0.0,)
(0.0,)
(0.0,)
(0.0,)
(0.0,)
(0.0,)
(0.0,)
(0.0,)
(0.0,)
(0.0,)
(0.0,)
(0.0,)
(0.0,)
(0.0,)
(0.0,)
(0.0,)
(0.0,)
(0.0,)
(0.0,)
(0.0,)
(0.0,)
(0.0,)
(0.0,)
(0.0,)
(0.0,)
(0.0,)
(0.0,)
(0.0,)
(0.0,)
(0.0,)
(0.0,)
(0.0,)
(0.0,)
(0.0,)
(0.0,)
(0.0,)
(0.0,)
(0.0,)
(0.0,)
(0.0,)
(0.0,)
(0.0,)
(0.0,)
(0.0,)
(0.0,)
(0.0,)
(0.0,)
(0.0,)
(0.0,)
(0.0,)
(0.0,)
(0.0,)
(0.0,)
(0.0,)
(0.0,)
(0.0,)
(0.0,)
(0.0,)
(0.0,)
(0.0,)
(0.0,)
(0.0,)
(0.0,)
(0.0,)
(0.0,)
(0.0,)
(0.0,)
(0.0,)
(0.0,)
(0.0,)
(0.0,)
(0.0,)
(0.0,)
(0.0,)
(0.0,)
(0.0,)
(0.0,)
(0.0,)
(0.0,)
(0.0,)
(0.0,)
(0.0,)
(0.0,)
(0.0,)
(0.0,)
(0.0,)
(0.0,)
(0.0,)
(0.0,)
(0.0,)
(0.0,)
(0.0,)
(0.0,)
(0.0,)
(0.0,)
(0.0,)
(0.0,)
(0.0,)
(0.0,)
(0.0,)
(0.0,)
(0.0,)
(0.0,)
(0.0,)
(0.0,)
(0.0,)
(0.0,)
(0.0,)
(0.0,)
(0.0,)
(0.0,)
(0.0,)
(0.0,)
(0.0,)
(0.0,)
(0.0,)
(0.0,)
(0.0,)
(0.0,)
(0.0,)
(0.0,)
(0.0,)
(0.0,)
(0.0,)
(0.0,)
(0.0,)
(0.0,)
(0.0,)
(0.0,)
(0.0,)
(0.0,)
(0.0,)
(0.0,)
(0.0,)
(0.0,)
(0.0,)
(0.0,)
(0.0,)
(0.0,)
(0.0,)
(0.0,)
(0.0,)
(0.0,)
(0.0,)
(0.0,)
(0.0,)
(0.0,)
(0.0,)
(0.0,)
(0.0,)
(0.0,)
(0.0,)
(0.0,)
(0.0,)
(0.0,)
(0.0,)
(0.0,)
(0.0,)
(0.0,)
(0.0,)
(0.0,)
(0.0,)
(0.0,)
(0.0,)
(0.0,)
(0.0,)
(0.0,)
(0.0,)
(0.0,)
(0.0,)
(0.0,)
(0.0,)
(0.0,)
(0.0,)
(0.0,)
(0.0,)
(0.0,)
(0.0,)
(0.0,)
(0.0,)
(0.0,)
(0.0,)
(0.0,)
(2.0,)
(2.0,)
(2.0,)
(2.0,)
(2.0,)
(2.0,)
(2.0,)
(2.0,)
(2.0,)
(2.0,)
(2.0,)
(2.0,)
(2.0,)
(2.0,)
(2.0,)
(2.0,)
(2.0,)
(2.0,)
(2.0,)
(2.0,)
(2.0,)
(2.0,)
(2.0,)
(2.0,)
(2.0,)
(2.0,)
(2.0,)
(2.0,)
(2.0,)
(2.0,)
(2.0,)
(2.0,)
(2.0,)
(2.0,)
(2.0,)
(2.0,)
(2.0,)
(2.0,)
(2.0,)
(2.0,)
(2.0,)
(2.0,)
(2.0,)
(2.0,)
(2.0,)
(2.0,)
(2.0,)
(2.0,)
(2.0,)
(2.0,)
(2.0,)
(2.0,)
(2.0,)
(2.0,)
(2.0,)
(2.0,)
(2.0,)
(2.0,)
(2.0,)
(2.0,)
(2.0,)
(2.0,)
(2.0,)
(2.0,)
(2.0,)
(2.0,)
(2.0,)
(2.0,)
(2.0,)
(2.0,)
(2.0,)
(2.0,)
(2.0,)
(2.0,)
(2.0,)
(2.0,)
(2.0,)
(2.0,)
(2.0,)
(2.0,)
(2.0,)
(2.0,)
(2.0,)
(2.0,)
(2.0,)
(2.0,)
(2.0,)
(2.0,)
(2.0,)
(2.0,)
(2.0,)
(2.0,)
(2.0,)
(2.0,)
(2.0,)
(2.0,)
(2.0,)
(2.0,)
(2.0,)
(2.0,)
(2.0,)
(2.0,)
(2.0,)
(2.0,)
(2.0,)
(2.0,)
(2.0,)
(2.0,)
(2.0,)
(2.0,)
(2.0,)
(2.0,)
(2.0,)
(2.0,)
(2.0,)
(2.0,)
(2.0,)
(2.0,)
(2.0,)
(2.0,)
(2.0,)
(2.0,)
(2.0,)
(2.0,)
(2.0,)
(2.0,)
(2.0,)
(2.0,)
(2.0,)
(2.0,)
(2.0,)
(2.0,)
(2.0,)
(2.0,)
(2.0,)
(2.0,)
(2.0,)
(2.0,)
(2.0,)
(2.0,)
(2.0,)
(2.0,)
(2.0,)
(2.0,)
(2.0,)
(2.0,)
(2.0,)
(2.0,)
(2.0,)
(2.0,)
(2.0,)
(2.0,)
(2.0,)
(2.0,)
(2.0,)
(2.0,)
(2.0,)
(2.0,)
(2.0,)
(2.0,)
(2.0,)
(2.0,)
(2.0,)
(2.0,)
(2.0,)
(2.0,)
(2.0,)
(2.0,)
(2.0,)
(2.0,)
(2.0,)
(2.0,)
(2.0,)
(2.0,)
(2.0,)
(2.0,)
(2.0,)
(2.0,)
(2.0,)
(2.0,)
(2.0,)
(2.0,)
(2.0,)
(2.0,)
(2.0,)
(2.0,)
(2.0,)
(2.0,)
(2.0,)
(2.0,)
(2.0,)
(2.0,)
(2.0,)
(2.0,)
(2.0,)
(2.0,)
(2.0,)
(2.0,)
(2.0,)
(2.0,)
(2.0,)
(2.0,)
(2.0,)
(2.0,)
(2.0,)
(2.0,)
(2.0,)
(2.0,)
(2.0,)
(2.0,)
(2.0,)
(2.0,)
(2.0,)
(2.0,)
(2.0,)
(2.0,)
(2.0,)
(2.0,)
(2.0,)
(2.0,)
(2.0,)
(2.0,)
(2.0,)
(2.0,)
(2.0,)
(2.0,)
(2.0,)
(2.0,)
(2.0,)
(2.0,)
(2.0,)
(2.0,)
(2.0,)
(2.0,)
(2.0,)
(2.0,)
(2.0,)
(2.0,)
(2.0,)
(2.0,)
(2.0,)
(2.0,)
(2.0,)
(2.0,)
(2.0,)
(2.0,)
(2.0,)
(2.0,)
(2.0,)
(2.0,)
(2.0,)
(2.0,)
(2.0,)
(2.0,)
(2.0,)
(2.0,)
(2.0,)
(2.0,)
(2.0,)
(2.0,)
(2.0,)
(2.0,)
(2.0,)
(2.0,)
(2.0,)
(2.0,)
(2.0,)
(2.0,)
(2.0,)
(2.0,)
(2.0,)
(2.0,)
(2.0,)
(2.0,)
(2.0,)
(2.0,)
(2.0,)
(2.0,)
(2.0,)
(2.0,)
(2.0,)
(2.0,)
(2.0,)
(2.0,)
(2.0,)
(2.0,)
(2.0,)
(2.0,)
(2.0,)
(2.0,)
(2.0,)
(2.0,)
(2.0,)
(2.0,)
(2.0,)
(2.0,)
(2.0,)
(2.0,)
(2.0,)
(2.0,)
(2.0,)
(2.0,)
(2.0,)
(2.0,)
(2.0,)
(2.0,)
(2.0,)
(2.0,)
(2.0,)
(2.0,)
(2.0,)
(2.0,)
(2.0,)
(2.0,)
(2.0,)
(2.0,)
(2.0,)
(2.0,)
(2.0,)
(2.0,)
(2.0,)
(2.0,)
(2.0,)
(2.0,)
(2.0,)
(2.0,)
(2.0,)
(2.0,)
(2.0,)
(2.0,)
(2.0,)
(2.0,)
(2.0,)
(2.0,)
(2.0,)
(2.0,)
(2.0,)
(2.0,)
(2.0,)
(2.0,)
(2.0,)
(2.0,)
(2.0,)
(2.0,)
(2.0,)
(2.0,)
(2.0,)
(2.0,)
(2.0,)
(2.0,)
(2.0,)
(2.0,)
(2.0,)
(2.0,)
(2.0,)
(2.0,)
(2.0,)
(2.0,)
(2.0,)
(2.0,)
(2.0,)
(2.0,)
(2.0,)
(2.0,)
(2.0,)
(2.0,)
(2.0,)
(2.0,)
(2.0,)
(2.0,)
(2.0,)
(2.0,)
(2.0,)
(2.0,)
(2.0,)
(2.0,)
(2.0,)
(2.0,)
(2.0,)
(2.0,)
(2.0,)
(2.0,)
(2.0,)
(2.0,)
(2.0,)
(2.0,)
(2.0,)
(2.0,)
(2.0,)
(2.0,)
(2.0,)
(2.0,)
(2.0,)
(2.0,)
(2.0,)
(2.0,)
(2.0,)
(2.0,)
(2.0,)
(2.0,)
(2.0,)
(2.0,)
(2.0,)
(2.0,)
(2.0,)
(2.0,)
(2.0,)
(2.0,)
(2.0,)
(2.0,)
(2.0,)
(2.0,)
(2.0,)
(2.0,)
(2.0,)
(2.0,)
(2.0,)
(2.0,)
(2.0,)
(2.0,)
(2.0,)
(2.0,)
(2.0,)
(2.0,)
(2.0,)
(2.0,)
(2.0,)
(2.0,)
(2.0,)
(2.0,)
(2.0,)
(2.0,)
(2.0,)
(2.0,)
(2.0,)
(2.0,)
(2.0,)
(2.0,)
(2.0,)
(2.0,)
(2.0,)
(2.0,)
(2.0,)
(2.0,)
(2.0,)
(2.0,)
(2.0,)
(2.0,)
(2.0,)
(2.0,)
(2.0,)
(2.0,)
(2.0,)
(2.0,)
(2.0,)
(2.0,)
(2.0,)
(2.0,)
(2.0,)
(2.0,)
(2.0,)
(2.0,)
(2.0,)
(2.0,)
(2.0,)
(2.0,)
(2.0,)
(2.0,)
(2.0,)
(2.0,)
(2.0,)
(2.0,)
(2.0,)
(2.0,)
(2.0,)
(2.0,)
(2.0,)
(2.0,)
(2.0,)
(2.0,)
(2.0,)
(2.0,)
(2.0,)
(2.0,)
(2.0,)
(2.0,)
(2.0,)
(2.0,)
(2.0,)
(2.0,)
(2.0,)
(2.0,)
(2.0,)
(2.0,)
(2.0,)
(2.0,)
(2.0,)
(2.0,)
(2.0,)
(2.0,)
(2.0,)
(2.0,)
(2.0,)
(2.0,)
(2.0,)
(2.0,)
(2.0,)
(2.0,)
(2.0,)
(2.0,)
(2.0,)
(2.0,)
(2.0,)
(2.0,)
(2.0,)
(2.0,)
(2.0,)
(2.0,)
(2.0,)
(2.0,)
(2.0,)
(2.0,)
(2.0,)
(2.0,)
(2.0,)
(2.0,)
(2.0,)
(2.0,)
(2.0,)
(2.0,)
(2.0,)
(2.0,)
(2.0,)
(2.0,)
(2.0,)
(2.0,)
(2.0,)
(2.0,)
(2.0,)
(2.0,)
(2.0,)
(2.0,)
(2.0,)
(2.0,)
(2.0,)
(2.0,)
(2.0,)
(2.0,)
(2.0,)
(2.0,)
(2.0,)
(2.0,)
(2.0,)
(2.0,)
(2.0,)
(2.0,)
(2.0,)
(2.0,)
(2.0,)
(2.0,)
(2.0,)
(2.0,)
(2.0,)
(2.0,)
(2.0,)
(2.0,)
(2.0,)
(2.0,)
(2.0,)
(2.0,)
(2.0,)
(2.0,)
(2.0,)
(2.0,)
(2.0,)
(2.0,)
(2.0,)
(2.0,)
(2.0,)
(2.0,)
(2.0,)
(2.0,)
(2.0,)
(2.0,)
(2.0,)
(2.0,)
(2.0,)
(2.0,)
(2.0,)
(2.0,)
(2.0,)
(2.0,)
(2.0,)
(2.0,)
(2.0,)
(2.0,)
(2.0,)
(2.0,)
(2.0,)
(2.0,)
(2.0,)
(2.0,)
(2.0,)
(2.0,)
(2.0,)
(2.0,)
(2.0,)
(2.0,)
(2.0,)
(2.0,)
(2.0,)
(2.0,)
(2.0,)
(2.0,)
(2.0,)
(2.0,)
(2.0,)
(2.0,)
(2.0,)
(2.0,)
(2.0,)
(2.0,)
(2.0,)
(2.0,)
(2.0,)
(2.0,)
(2.0,)
(2.0,)
(2.0,)
(2.0,)
(2.0,)
(2.0,)
(2.0,)
(2.0,)
(2.0,)
(2.0,)
(2.0,)
(2.0,)
(2.0,)
(2.0,)
(2.0,)
(2.0,)
(2.0,)
(2.0,)
(2.0,)
(2.0,)
(2.0,)
(2.0,)
(2.0,)
(2.0,)
(2.0,)
(2.0,)
(2.0,)
(2.0,)
(2.0,)
(2.0,)
(2.0,)
(2.0,)
(2.0,)
(2.0,)
(2.0,)
(2.0,)
(2.0,)
(2.0,)
(2.0,)
(2.0,)
(2.0,)
(2.0,)
(2.0,)
(2.0,)
(2.0,)
(2.0,)
(2.0,)
(2.0,)
(2.0,)
(2.0,)
(2.0,)
(2.0,)
(2.0,)
(2.0,)
(2.0,)
(2.0,)
(2.0,)
(2.0,)
(2.0,)
(2.0,)
(2.0,)
(2.0,)
(2.0,)
(2.0,)
(2.0,)
(2.0,)
(2.0,)
(2.0,)
(2.0,)
(2.0,)
(2.0,)
(2.0,)
(2.0,)
(2.0,)
(2.0,)
(2.0,)
(2.0,)
(2.0,)
(2.0,)
(2.0,)
(2.0,)
(2.0,)
(2.0,)
(2.0,)
(2.0,)
(2.0,)
(2.0,)
(2.0,)
(2.0,)
(2.0,)
(2.0,)
(2.0,)
(2.0,)
(2.0,)
(2.0,)
(2.0,)
(2.0,)
(2.0,)
(2.0,)
(2.0,)
(2.0,)
(2.0,)
(2.0,)
(2.0,)
(2.0,)
(2.0,)
(2.0,)
(2.0,)
(2.0,)
(2.0,)
(2.0,)
(2.0,)
(2.0,)
(2.0,)
(2.0,)
(2.0,)
(2.0,)
(2.0,)
(2.0,)
(2.0,)
(2.0,)
(2.0,)
(2.0,)
(2.0,)
(2.0,)
(2.0,)
(2.0,)
(2.0,)
(2.0,)
(2.0,)
(2.0,)
(2.0,)
(2.0,)
(2.0,)
(2.0,)
(2.0,)
(2.0,)
(2.0,)
(2.0,)
(2.0,)
(2.0,)
(2.0,)
(2.0,)
(2.0,)
(2.0,)
(2.0,)
(2.0,)
(2.0,)
(2.0,)
(2.0,)
(2.0,)
(2.0,)
(2.0,)
(2.0,)
(2.0,)
(2.0,)
(2.0,)
(2.0,)
(2.0,)
(2.0,)
(2.0,)
(2.0,)
(2.0,)
(2.0,)
(2.0,)
(2.0,)
(2.0,)
(2.0,)
(2.0,)
(2.0,)
(2.0,)
(2.0,)
(2.0,)
(2.0,)
(2.0,)
(2.0,)
(2.0,)
(2.0,)
(2.0,)
(2.0,)
(2.0,)
(2.0,)
(2.0,)
(2.0,)
(2.0,)
(2.0,)
(2.0,)
(2.0,)
(2.0,)
(2.0,)
(2.0,)
(2.0,)
(2.0,)
(2.0,)
(2.0,)
(2.0,)
(2.0,)
(2.0,)
(2.0,)
(2.0,)
(2.0,)
(2.0,)
(2.0,)
(2.0,)
(2.0,)
(2.0,)
(2.0,)
(2.0,)
(2.0,)
(2.0,)
(2.0,)
(2.0,)
(2.0,)
(2.0,)
(2.0,)
(2.0,)
(2.0,)
(2.0,)
(2.0,)
(2.0,)
(2.0,)
(2.0,)
(2.0,)
(2.0,)
(2.0,)
(2.0,)
(2.0,)
(2.0,)
(2.0,)
(2.0,)
(2.0,)
(2.0,)
(2.0,)
(2.0,)
(2.0,)
(2.0,)
(2.0,)
(2.0,)
(2.0,)
(2.0,)
(2.0,)
(2.0,)
(2.0,)
(2.0,)
(2.0,)
(2.0,)
(2.0,)
(2.0,)
(2.0,)
(2.0,)
(2.0,)
(2.0,)
(2.0,)
(2.0,)
(2.0,)
(2.0,)
(2.0,)
(2.0,)
(2.0,)
(2.0,)
(2.0,)
(2.0,)
(2.0,)
(2.0,)
(2.0,)
(2.0,)
(2.0,)
(2.0,)
(2.0,)
(2.0,)
(2.0,)
(2.0,)
(2.0,)
(2.0,)
(2.0,)
(2.0,)
(2.0,)
(2.0,)
(2.0,)
(2.0,)
(2.0,)
(2.0,)
(2.0,)
(2.0,)
(2.0,)
(2.0,)
(2.0,)
(2.0,)
(2.0,)
(2.0,)
(2.0,)
(2.0,)
(2.0,)
(2.0,)
(2.0,)
(2.0,)
(2.0,)
(2.0,)
(2.0,)
(2.0,)
(2.0,)
(2.0,)
(2.0,)
(2.0,)
(2.0,)
(2.0,)
(2.0,)
(2.0,)
(2.0,)
(2.0,)
(2.0,)
(2.0,)
(2.0,)
(2.0,)
(2.0,)
(2.0,)
(2.0,)
(2.0,)
(2.0,)
(2.0,)
(2.0,)
(2.0,)
(2.0,)
(2.0,)
(2.0,)
(2.0,)
(2.0,)
(2.0,)
(2.0,)
(2.0,)
(2.0,)
(2.0,)
(2.0,)
(2.0,)
(2.0,)
(2.0,)
(2.0,)
(2.0,)
(2.0,)
(2.0,)
(2.0,)
(2.0,)
(2.0,)
(2.0,)
(2.0,)
(2.0,)
(2.0,)
(2.0,)
(2.0,)
(2.0,)
(2.0,)
(2.0,)
(2.0,)
(2.0,)
(2.0,)
(2.0,)
(2.0,)
(2.0,)
(2.0,)
(2.0,)
(2.0,)
(2.0,)
(2.0,)
(2.0,)
(2.0,)
(2.0,)
(2.0,)
(2.0,)
(2.0,)
(2.0,)
(2.0,)
(2.0,)
(2.0,)
(2.0,)
(2.0,)
(2.0,)
(2.0,)
(2.0,)
(2.0,)
(2.0,)
(2.0,)
(2.0,)
(2.0,)
(2.0,)
(2.0,)
(2.0,)
(2.0,)
(2.0,)
(2.0,)
(2.0,)
(2.0,)
(2.0,)
(2.0,)
(2.0,)
(2.0,)
(2.0,)
(2.0,)
(2.0,)
(2.0,)
(2.0,)
(2.0,)
(2.0,)
(2.0,)
(2.0,)
(2.0,)
(2.0,)
(2.0,)
(2.0,)
(2.0,)
(2.0,)
(2.0,)
(2.0,)
(2.0,)
(2.0,)
(2.0,)
(2.0,)
(2.0,)
(2.0,)
(2.0,)
(2.0,)
(2.0,)
(2.0,)
(2.0,)
(2.0,)
(2.0,)
(2.0,)
(2.0,)
(2.0,)
(2.0,)
(2.0,)
(2.0,)
(2.0,)
(2.0,)
(2.0,)
(2.0,)
(2.0,)
(2.0,)
(2.0,)
(2.0,)
(2.0,)
(2.0,)
(2.0,)
(2.0,)
(2.0,)
(2.0,)
(2.0,)
(2.0,)
(2.0,)
(2.0,)
(2.0,)
(2.0,)
(2.0,)
(2.0,)
(2.0,)
(2.0,)
(2.0,)
(2.0,)
(2.0,)
(2.0,)
(2.0,)
(2.0,)
(2.0,)
(2.0,)
(2.0,)
(2.0,)
(2.0,)
(2.0,)
(2.0,)
(2.0,)
(2.0,)
(2.0,)
(2.0,)
(2.0,)
(2.0,)
(2.0,)
(2.0,)
(2.0,)
(2.0,)
(2.0,)
(2.0,)
(2.0,)
(2.0,)
(2.0,)
(2.0,)
(2.0,)
(2.0,)
(2.0,)
(2.0,)
(2.0,)
(2.0,)
(2.0,)
(2.0,)
(2.0,)
(2.0,)
(2.0,)
(2.0,)
(2.0,)
(2.0,)
(2.0,)
(2.0,)
(2.0,)
(2.0,)
(2.0,)
(2.0,)
(2.0,)
(2.0,)
(2.0,)
(2.0,)
(2.0,)
(2.0,)
(2.0,)
(2.0,)
(2.0,)
(2.0,)
(2.0,)
(2.0,)
(2.0,)
(2.0,)
(2.0,)
(2.0,)
(2.0,)
(2.0,)
(2.0,)
(2.0,)
(2.0,)
(2.0,)
(2.0,)
(2.0,)
(2.0,)
(2.0,)
(2.0,)
(2.0,)
(2.0,)
(2.0,)
(2.0,)
(2.0,)
(2.0,)
(2.0,)
(2.0,)
(2.0,)
(2.0,)
(2.0,)
(2.0,)
(2.0,)
(2.0,)
(2.0,)
(2.0,)
(2.0,)
(2.0,)
(2.0,)
(2.0,)
(2.0,)
(2.0,)
(2.0,)
(2.0,)
(2.0,)
(2.0,)
(2.0,)
(2.0,)
(2.0,)
(2.0,)
(2.0,)
(2.0,)
(2.0,)
(2.0,)
(2.0,)
(2.0,)
(2.0,)
(2.0,)
(2.0,)
(2.0,)
(2.0,)
(2.0,)
(2.0,)
(2.0,)
(2.0,)
(2.0,)
(2.0,)
(2.0,)
(2.0,)
(2.0,)
(2.0,)
(2.0,)
(2.0,)
(2.0,)
(2.0,)
(2.0,)
(2.0,)
(2.0,)
(2.0,)
(2.0,)
(2.0,)
(3.0,)
(3.0,)
(3.0,)
(3.0,)
(3.0,)
(3.0,)
(3.0,)
(3.0,)
(3.0,)
(3.0,)
(3.0,)
(3.0,)
(3.0,)
(3.0,)
(3.0,)
(3.0,)
(3.0,)
(3.0,)
(3.0,)
(3.0,)
(3.0,)
(3.0,)
(3.0,)
(3.0,)
(3.0,)
(3.0,)
(3.0,)
(3.0,)
(3.0,)
(3.0,)
(3.0,)
(3.0,)
(3.0,)
(3.0,)
(3.0,)
(3.0,)
(3.0,)
(3.0,)
(3.0,)
(3.0,)
(3.0,)
(3.0,)
(3.0,)
(3.0,)
(3.0,)
(3.0,)
(3.0,)
(3.0,)
(3.0,)
(3.0,)
(3.0,)
(3.0,)
(3.0,)
(3.0,)
(3.0,)
(3.0,)
(3.0,)
(3.0,)
(3.0,)
(3.0,)
(3.0,)
(3.0,)
(3.0,)
(1.0,)
(1.0,)
(1.0,)
(1.0,)
(1.0,)
(1.0,)
(1.0,)
(1.0,)
(1.0,)
(1.0,)
(1.0,)
(1.0,)
(1.0,)
(1.0,)
(1.0,)
(1.0,)
(1.0,)
(1.0,)
(1.0,)
(1.0,)
(1.0,)
(1.0,)
(1.0,)
(1.0,)
(1.0,)
(1.0,)
(1.0,)
(1.0,)
(1.0,)
(1.0,)
(1.0,)
(1.0,)
(1.0,)
(1.0,)
(1.0,)
(1.0,)
(1.0,)
(1.0,)
(1.0,)
(1.0,)
(1.0,)
(1.0,)
(1.0,)
(1.0,)
(1.0,)
(1.0,)
(1.0,)
(1.0,)
(1.0,)
(1.0,)
(1.0,)
(1.0,)
(1.0,)
(1.0,)
(1.0,)
(1.0,)
(1.0,)
(1.0,)
(1.0,)
(1.0,)
(1.0,)
(1.0,)
(1.0,)
(1.0,)
(1.0,)
(1.0,)
(1.0,)
(1.0,)
(1.0,)
(1.0,)
(1.0,)
(1.0,)
(1.0,)
(1.0,)
(1.0,)
(1.0,)
(1.0,)
(1.0,)
(1.0,)
(1.0,)
(1.0,)
(1.0,)
(1.0,)
(1.0,)
(1.0,)
(1.0,)
(1.0,)
(1.0,)
(1.0,)
(1.0,)
(1.0,)
(1.0,)
(1.0,)
(1.0,)
(1.0,)
(1.0,)
(1.0,)
(1.0,)
(1.0,)
(1.0,)
(1.0,)
(1.0,)
(1.0,)
(1.0,)
(1.0,)
(1.0,)
(1.0,)
(1.0,)
(1.0,)
(1.0,)
(1.0,)
(1.0,)
(1.0,)
(1.0,)
(1.0,)
(1.0,)
(1.0,)
(1.0,)
(1.0,)
(1.0,)
(1.0,)
(1.0,)
(1.0,)
(1.0,)
(1.0,)
(1.0,)
(1.0,)
(1.0,)
(1.0,)
(1.0,)
(1.0,)
(1.0,)
(1.0,)
(1.0,)
(1.0,)
(1.0,)
(1.0,)
(1.0,)
(1.0,)
(1.0,)
(1.0,)
(1.0,)
(1.0,)
(1.0,)
(1.0,)
(1.0,)
(1.0,)
(1.0,)
(1.0,)
(1.0,)
(1.0,)
(1.0,)
(1.0,)
(1.0,)
(1.0,)
(1.0,)
(1.0,)
(1.0,)
(1.0,)
(1.0,)
(1.0,)
(1.0,)
(1.0,)
(1.0,)
(1.0,)
(1.0,)
(1.0,)
(1.0,)
(1.0,)
(1.0,)
(1.0,)
(1.0,)
(1.0,)
(1.0,)
(1.0,)
(1.0,)
(1.0,)
(1.0,)
(1.0,)
(1.0,)
(1.0,)
(1.0,)
(1.0,)
(1.0,)
(1.0,)
(1.0,)
(1.0,)
(1.0,)
(1.0,)
(1.0,)
(1.0,)
(1.0,)
(1.0,)
(1.0,)
(1.0,)
(1.0,)
(1.0,)
(1.0,)
(1.0,)
(1.0,)
(1.0,)
(1.0,)
(1.0,)
(1.0,)
(1.0,)
(1.0,)
(1.0,)
(1.0,)
(1.0,)
(1.0,)
(1.0,)
(1.0,)
(1.0,)
(1.0,)
(1.0,)
(1.0,)
(1.0,)
(1.0,)
(1.0,)
(1.0,)
(1.0,)
(1.0,)
(1.0,)
(1.0,)
(1.0,)
(1.0,)
(1.0,)
(1.0,)
(1.0,)
(1.0,)
(1.0,)
(1.0,)
(1.0,)
(1.0,)
(1.0,)
(1.0,)
(1.0,)
(1.0,)
(1.0,)
(1.0,)
(1.0,)
(1.0,)
(1.0,)
(1.0,)
(1.0,)
(1.0,)
(1.0,)
(1.0,)
(1.0,)
(1.0,)
(1.0,)
(1.0,)
(1.0,)
(1.0,)
(1.0,)
(14.0,)
(14.0,)
(14.0,)
(14.0,)
(14.0,)
(14.0,)
(14.0,)
(14.0,)
(14.0,)
(14.0,)
(14.0,)
(14.0,)
(14.0,)
(14.0,)
(14.0,)
(14.0,)
(14.0,)
(14.0,)
(14.0,)
(14.0,)
(14.0,)
(14.0,)
(14.0,)
(14.0,)
(14.0,)
(14.0,)
(14.0,)
(14.0,)
(14.0,)
(6.0,)
(6.0,)
(6.0,)
(6.0,)
(6.0,)
(6.0,)
(6.0,)
(6.0,)
(6.0,)
(6.0,)
(6.0,)
(6.0,)
(6.0,)
(6.0,)
(6.0,)
(6.0,)
(6.0,)
(6.0,)
(6.0,)
(6.0,)
(6.0,)
(6.0,)
(6.0,)
(6.0,)
(6.0,)
(6.0,)
(6.0,)
(6.0,)
(6.0,)
(6.0,)
(6.0,)
(6.0,)
(6.0,)
(6.0,)
(6.0,)
(6.0,)
(6.0,)
(6.0,)
(6.0,)
(6.0,)
(6.0,)
(6.0,)
(6.0,)
(6.0,)
(6.0,)
(6.0,)
(6.0,)
(13.0,)
(13.0,)
(13.0,)
(13.0,)
(13.0,)
(13.0,)
(13.0,)
(13.0,)
(13.0,)
(13.0,)
(4.0,)
(4.0,)
(4.0,)
(4.0,)
(4.0,)
(5.0,)
(5.0,)
(5.0,)
(5.0,)
(5.0,)
(5.0,)
(5.0,)
(12.0,)
(12.0,)
(12.0,)
(12.0,)
(11.0,)
(11.0,)
(11.0,)
(7.0,)
